256 64 256 4
0 0 2 23
28 26 1 25
23 18 3 55
3 24 0 36
10 17 1 68
8 20 2 61
8 1 0 63
11 17 0 45
0 8 1 39
27 21 0 43
12 23 2 29
17 8 3 72
24 13 3 63
9 0 3 19
15 22 2 74
0 7 1 62
5 9 2 22
27 5 3 56
2 4 3 57
4 13 0 40
10 26 2 53
8 20 0 58
10 16 2 69
17 15 0 91
2 8 2 46
21 4 3 40
20 13 3 67
13 22 3 36
6 27 2 38
3 12 1 95
8 0 2 17
2 23 0 78
15 24 0 5
14 25 3 35
6 5 1 35
4 16 2 31
9 17 0 61
9 11 1 57
0 8 0 75
21 14 3 44
20 28 3 15
0 27 2 14
2 4 3 27
3 20 2 58
25 17 2 68
10 2 1 20
24 11 3 42
28 20 0 45
20 4 3 64
6 24 1 -7
3 0 1 44
4 15 2 34
9 14 3 56
14 0 2 62
10 2 3 55
12 21 2 56
13 25 2 12
24 21 2 29
10 21 0 14
27 15 3 43
12 27 1 9
22 27 3 53
21 9 3 47
10 14 2 29
11 24 2 21
19 5 3 51
17 24 0 14
5 9 2 21
12 2 0 18
9 7 0 37
10 0 3 60
4 27 3 51
7 6 3 35
11 3 2 -1
23 26 2 45
21 7 0 35
10 3 3 -23
17 14 1 29
15 11 1 53
9 5 2 26
0 9 0 26
10 12 2 -38
7 13 3 -27
5 9 0 21
11 2 2 57
9 14 1 37
8 1 3 65
5 13 3 61
7 5 0 17
6 27 1 -6
14 15 0 32
0 0 2 45
22 27 3 19
27 22 2 24
27 15 3 61
24 24 0 77
20 25 1 17
1 11 0 36
22 17 0 4
4 25 0 30
10 15 3 55
15 27 0 63
26 0 3 87
4 19 3 37
23 13 2 25
10 11 2 0
19 11 0 38
18 5 1 43
21 1 2 33
11 1 0 21
7 20 2 13
6 0 0 54
3 13 2 23
19 11 3 15
25 18 3 5
5 17 0 40
9 24 0 48
28 28 0 68
8 0 0 67
13 15 0 34
6 27 0 -8
10 18 0 -9
19 16 0 6
21 7 3 41
21 28 2 53
9 11 1 19
26 20 1 49
6 0 2 59
23 16 2 -1
16 28 2 -24
2 28 2 14
6 11 0 68
8 1 2 64
8 16 1 61
8 1 0 60
28 12 3 40
9 14 1 12
19 5 3 59
27 26 2 22
20 17 2 46
22 27 1 61
13 14 3 36
27 27 1 43
12 13 1 50
19 11 3 19
23 26 2 7
6 16 2 -31
17 14 1 106
27 28 3 88
9 16 2 53
7 16 0 58
20 4 1 52
2 13 2 84
19 2 3 49
9 25 0 -11
22 27 2 32
22 22 2 61
15 23 2 52
21 4 1 51
4 16 0 62
2 12 1 33
15 3 2 2
11 8 0 -33
7 3 0 68
15 27 3 84
7 19 1 57
7 19 0 55
20 0 0 30
20 17 2 62
13 24 1 35
9 6 2 51
28 23 3 30
3 1 3 39
26 9 2 43
25 25 1 74
28 25 0 70
23 21 2 3
6 23 2 -43
1 22 0 36
17 14 3 106
12 0 0 59
22 0 2 78
7 3 1 61
1 21 2 81
28 8 1 42
13 13 3 43
5 13 1 51
0 24 3 32
19 5 2 31
0 17 3 60
26 21 0 58
16 26 2 67
1 9 3 7
24 23 3 11
21 0 0 0
11 9 2 63
17 17 2 101
27 18 1 91
10 12 1 54
8 24 1 3
2 5 0 53
12 26 1 42
4 2 1 87
5 9 1 38
24 15 1 12
25 8 3 11
12 1 1 -11
12 26 1 45
1 27 0 15
0 26 1 22
14 6 1 9
7 3 0 74
8 16 3 73
8 16 2 75
10 26 1 65
13 24 0 42
6 24 0 19
11 20 1 62
4 11 3 52
3 0 2 79
2 4 1 21
25 5 3 19
25 6 2 34
13 0 3 61
0 27 0 35
0 27 1 25
23 6 3 30
11 8 2 73
7 27 0 61
8 1 2 74
8 16 3 73
20 28 2 67
9 18 2 23
11 8 2 54
12 28 2 25
13 24 3 22
12 25 0 49
7 25 1 -3
25 15 2 33
12 14 3 59
10 17 1 51
8 17 3 37
4 2 0 46
8 0 1 68
11 28 2 66
6 17 0 71
6 0 3 59
16 25 0 19
1 9 3 81
10 16 3 55
12 21 2 56
21 13 3 50
5 15 2 50
22 24 0 78
10 16 2 21
12 0 1 55
5 18 2 77
4 1 3 66
3 10 1 56
19 26 3 57
17 11 0 111
1 10 1 46
8 5 1 75
3 25 0 45
17 15 2 89
9 16 0 37
0 21 3 -26
28 4 3 53
18 9 1 67
10 23 1 49
4 26 3 46
25 15 0 43
3 6 0 75
26 26 1 60
7 26 1 79
6 23 1 69
15 16 2 97
19 26 3 37
1 26 3 41
10 25 2 57
12 22 3 45
0 14 2 -32
6 26 3 36
1 22 1 30
7 5 1 43
0 5 2 -6
5 26 3 20
24 19 0 37
25 25 3 71
3 3 0 46
10 2 0 62
15 27 3 43
6 5 2 29
2 3 0 26
17 27 2 19
9 12 3 55
0 23 2 7
18 6 2 47
16 6 0 34
7 11 3 3
12 0 1 33
24 5 3 26
7 15 0 11
15 19 1 41
25 25 1 79
7 1 2 46
11 14 2 114
16 27 1 34
24 15 1 21
5 16 3 20
1 11 2 -8
17 12 2 88
17 19 0 82
28 12 0 43
28 20 2 -12
10 21 2 19
18 23 2 34
23 17 3 39
25 17 1 21
5 10 3 -2
3 21 0 81
1 27 1 54
10 13 0 85
8 5 3 68
10 4 0 32
6 5 1 57
18 24 0 34
27 5 2 45
12 6 0 42
18 11 3 48
17 15 2 39
17 15 3 23
17 17 2 31
24 22 2 22
8 19 0 72
19 7 2 25
15 7 3 90
5 20 1 59
3 9 0 50
26 0 2 72
14 27 1 30
8 17 3 51
19 2 0 50
25 4 0 40
15 9 0 51
12 11 0 21
20 20 0 20
2 16 2 -42
15 20 3 10
28 8 1 56
4 13 2 69
7 4 1 -24
5 18 2 81
6 20 0 64
2 8 0 52
4 18 1 42
21 3 3 43
26 17 0 38
5 1 2 -8
3 10 2 -23
4 17 1 -34
19 28 2 -55
15 14 1 18
12 25 2 1
12 7 0 -14
28 12 1 40
5 16 2 66
15 27 1 21
5 11 0 90
5 17 1 56
3 13 0 47
5 12 2 54
22 27 2 38
18 6 0 59
19 0 1 19
12 20 0 14
20 28 2 -48
16 28 2 -43
20 19 0 33
4 3 2 -9
22 11 3 11
27 11 3 48
6 16 0 66
8 15 0 17
26 10 3 81
5 19 1 52
4 14 2 54
9 10 1 80
8 6 3 41
18 16 3 49
4 8 2 -25
26 3 2 5
17 14 3 19
4 17 1 -67
8 15 1 -7
18 12 3 39
6 10 0 -17
25 14 0 35
17 27 3 61
20 5 3 39
5 11 2 92
3 5 0 53
2 15 0 53
4 15 1 57
17 25 1 43
17 0 2 7
15 27 0 -9
16 10 3 28
17 17 1 54
0 12 0 -69
26 21 1 -8
9 20 1 22
3 4 2 39
7 17 1 59
27 17 0 61
4 24 1 14
5 10 0 95
5 17 3 55
1 28 2 34
27 23 3 58
13 5 1 56
26 10 1 -4
15 21 0 35
15 16 1 51
25 6 1 19
13 18 0 18
14 23 3 42
19 24 2 51
28 19 3 23
3 22 2 65
0 22 0 5
14 28 0 43
6 15 0 96
6 23 2 72
2 24 0 64
6 17 3 50
16 26 1 57
15 9 2 73
19 24 0 19
26 18 0 21
17 14 1 43
11 16 0 36
11 25 0 -5
20 7 3 21
28 13 3 17
16 28 3 52
25 24 1 37
18 3 3 66
26 10 3 73
15 27 3 40
5 16 2 24
3 25 3 48
26 7 3 36
9 4 2 46
7 12 1 57
0 22 0 -3
18 23 1 28
27 17 1 17
19 23 0 33
21 23 0 14
19 21 0 37
7 24 3 46
6 12 0 67
8 0 0 46
26 10 1 80
1 25 1 44
7 16 0 40
14 8 3 48
0 6 2 4
17 3 1 45
7 10 2 29
16 1 3 47
19 22 2 47
6 8 3 30
24 27 0 50
5 0 0 55
22 2 0 60
18 26 0 56
4 8 0 65
28 27 3 34
6 16 0 94
1 20 1 49
8 19 0 84
7 18 3 20
4 6 2 7
16 6 0 42
6 13 0 2
19 24 3 7
19 22 1 75
17 28 0 41
4 16 1 51
25 23 3 42
2 7 1 38
3 1 0 52
5 16 2 58
25 16 0 38
5 11 2 91
2 16 2 65
2 15 2 62
10 6 1 61
17 27 1 30
0 23 2 -5
8 16 0 29
8 17 1 43
14 12 3 116
18 28 0 58
2 8 0 63
17 14 2 123
9 21 2 74
20 2 1 86
1 17 3 60
18 26 1 64
21 24 2 67
24 18 0 37
6 15 0 105
4 15 3 104
26 21 2 40
24 25 0 29
23 26 1 25
23 26 0 32
3 7 0 71
16 20 1 30
19 9 0 29
13 15 0 -10
9 0 0 18
6 2 1 34
3 13 0 61
27 4 3 88
15 10 3 105
20 9 3 71
16 21 0 64
7 14 3 75
26 25 0 42
13 1 3 37
24 20 0 -41
6 11 0 59
25 18 2 12
7 28 3 62
3 18 2 38
10 27 1 26
11 27 0 5
25 4 0 40
15 11 3 18
0 6 0 37
24 17 2 25
6 17 2 105
17 28 3 82
23 6 2 40
24 6 3 9
6 4 0 32
16 3 0 -1
14 4 0 24
28 24 1 33
4 0 0 4
23 25 3 19
10 13 0 51
12 11 1 10
12 19 3 15
3 9 2 16
28 20 3 9
24 1 0 61
23 25 0 37
28 24 0 65
28 23 0 20
9 18 3 -12
23 20 2 -64
5 18 0 7
9 6 0 38
1 28 3 23
27 14 1 45
4 8 3 68
22 5 3 54
22 3 0 27
7 3 3 13
28 27 2 36
10 21 3 22
14 2 0 17
5 28 2 14
5 13 2 63
6 6 3 56
1 25 0 10
10 9 1 15
10 7 2 27
22 22 2 -46
22 20 0 -37
17 7 0 72
21 27 0 49
0 10 0 69
16 6 3 41
12 4 1 32
2 25 0 49
14 2 2 21
20 25 3 -26
1 8 0 26
22 6 2 25
8 11 2 28
1 14 3 22
2 26 3 16
12 5 1 23
7 20 2 9
9 8 1 33
24 13 1 -6
0 5 2 27
23 25 2 17
23 12 1 19
14 21 2 -2
27 8 0 59
0 28 1 21
26 7 1 36
28 23 1 34
3 22 0 34
26 6 1 15
1 17 3 8
12 1 1 17
4 0 2 -31
27 27 2 47
10 13 0 6
7 15 3 42
10 28 3 68
13 10 1 93
25 4 1 70
11 12 1 26
2 20 3 27
19 2 2 22
26 21 0 -41
11 8 3 22
2 7 3 -13
12 11 0 11
25 6 0 29
28 6 0 37
25 25 3 54
11 14 0 47
24 26 3 72
12 13 1 60
28 10 2 66
5 3 0 62
0 25 1 77
5 2 2 83
23 5 1 26
24 6 2 45
3 26 0 53
8 22 1 24
1 11 2 32
2 4 0 13
10 3 3 55
25 1 2 86
27 24 1 47
16 7 1 32
16 16 0 34
12 5 3 120
21 18 1 33
26 12 2 58
11 26 1 63
19 9 0 83
27 15 0 32
27 6 2 52
14 12 0 37
25 26 2 51
8 7 0 32
24 28 1 29
7 20 2 30
24 18 0 -31
16 23 3 34
11 21 0 15
18 2 2 20
14 25 2 68
14 8 1 98
2 20 3 65
15 3 2 92
21 24 0 79
5 5 0 84
3 15 2 32
9 25 2 98
5 2 2 54
8 28 1 22
18 21 2 -9
19 19 3 0
6 3 0 32
4 7 1 28
22 13 0 -4
2 18 3 51
26 7 2 102
14 25 3 63
26 20 1 41
25 19 3 58
12 8 3 141
27 19 0 48
7 13 0 30
25 14 2 64
17 16 1 44
10 28 2 20
1 16 3 4
21 19 0 -28
14 0 3 11
24 11 1 36
27 17 2 29
2 12 3 58
17 17 1 40
3 21 3 84
23 20 2 42
23 21 0 54
10 7 2 143
0 2 3 44
23 4 0 45
5 1 0 36
28 24 0 24
8 4 0 20
19 17 3 -10
18 15 3 4
18 25 3 21
28 27 3 61
13 22 0 23
25 17 0 22
0 8 1 88
27 21 1 41
1 27 0 117
11 4 0 130
20 21 1 59
23 25 0 54
16 5 3 48
28 21 0 22
9 6 1 32
24 21 2 -63
2 10 0 7
4 7 0 22
7 1 1 26
9 1 3 49
21 25 3 4
13 1 2 48
23 25 1 25
5 3 1 74
18 3 2 65
22 25 1 38
5 4 0 41
8 15 2 21
16 12 3 21
2 19 2 47
12 9 3 28
6 7 1 34
11 4 2 18
11 13 3 3
3 26 0 25
0 9 2 34
20 10 2 38
21 24 2 10
19 5 3 8
0 5 0 48
11 19 3 44
4 15 3 39
13 9 1 32
2 24 1 18
2 25 3 19
28 19 0 46
10 13 1 4
9 8 1 43
16 10 1 22
14 11 0 28
27 25 2 48
11 12 1 17
21 26 1 -11
2 22 0 34
18 27 1 18
8 19 3 29
9 24 2 39
25 20 0 -52
4 24 1 19
10 8 1 16
13 6 2 12
6 23 0 82
21 26 0 87
11 9 0 68
18 27 1 58
20 26 0 54
16 28 3 40
22 21 3 37
7 16 3 62
17 0 2 31
5 0 0 20
22 6 0 22
26 3 2 44
16 3 0 9
20 20 3 29
3 0 1 16
5 24 0 38
4 1 1 71
16 15 2 70
10 24 0 63
25 12 1 33
25 11 0 29
11 24 3 53
17 19 2 33
7 15 0 45
7 20 0 62
20 25 3 31
1 4 2 10
9 13 0 29
4 17 3 19
6 10 2 15
13 21 2 10
6 12 2 28
3 0 3 73
16 23 3 40
10 13 2 51
10 28 3 31
12 3 2 6
19 18 3 34
24 14 0 46
8 15 3 46
15 0 2 44
13 3 3 11
16 9 3 17
27 16 0 46
18 3 0 6
5 2 3 15
27 13 3 41
4 20 1 39
0 5 0 41
12 6 1 10
9 4 2 24
9 2 0 24
5 4 0 27
24 5 0 41
22 14 3 37
10 9 0 61
2 24 1 37
17 6 2 20
5 19 1 37
13 21 1 35
21 5 0 25
25 3 3 22
26 13 0 50
21 5 2 47
9 5 1 44
23 3 3 31
25 13 0 50
16 26 1 37
26 2 3 35
16 0 1 21
25 12 2 46
25 4 0 51
1 11 1 57
22 5 2 34
5 2 1 31
27 16 1 49
23 14 2 29
28 17 0 35
17 5 1 22
6 2 2 38
0 4 1 57
14 28 2 28
15 9 1 16
19 7 2 20
23 5 1 27
5 0 1 35
10 10 1 30
22 13 0 27
26 14 1 41
26 2 3 25
20 13 3 21
27 16 2 41
19 6 3 26
5 27 2 37
2 5 2 27
3 19 2 29
10 15 3 31
11 13 3 17
23 15 3 45
20 8 3 26
15 1 2 5
9 17 1 29
24 3 3 24
18 25 3 19
28 14 0 27
5 1 3 19
23 6 3 17
14 8 0 20
23 11 0 40
22 24 1 6
14 26 0 41
8 14 1 31
19 25 2 10
17 13 0 41
26 6 2 25
20 18 0 33
20 25 3 53
22 23 0 9
9 14 1 21
25 23 2 26
13 27 0 22
27 3 2 16
8 7 0 21
25 4 3 25
3 10 3 16
27 16 2 29
18 24 1 6
25 22 3 33
17 22 3 43
0 9 0 37
1 9 1 30
13 18 1 44
20 25 1 46
23 21 2 14
26 5 2 8
1 10 3 29
0 8 2 26
19 5 2 17
25 1 0 38
14 24 2 27
19 5 0 21
17 5 2 -4
24 14 1 17
23 7 1 21
24 23 2 39
18 8 0 35
8 9 2 25
5 19 2 18
17 19 0 25
12 24 1 37
27 7 2 15
17 22 0 60
15 17 0 36
17 24 0 19
8 25 2 31
4 11 0 19
22 6 1 8
25 16 2 15
22 6 3 11
11 18 2 22
13 3 3 30
21 14 1 40
23 7 2 39
23 11 2 28
7 27 1 38
4 19 0 21
0 22 2 -4
15 9 1 50
17 22 1 21
17 23 2 37
17 8 2 31
2 6 2 10
19 16 3 12
27 25 3 15
26 2 2 18
11 4 0 6
18 26 2 62
19 0 1 48
9 25 0 42
19 2 0 50
3 16 2 33
7 0 1 21
2 23 2 25
14 1 3 26
15 17 2 19
17 22 0 58
16 14 2 72
7 0 2 18
20 25 3 20
27 16 3 36
25 3 2 27
22 18 1 28
0 3 3 32
27 27 1 51
14 27 1 41
8 18 1 58
22 25 1 35
19 19 2 18
23 23 1 8
17 27 3 43
10 24 3 7
17 24 0 46
6 1 0 91
21 23 0 72
28 13 0 46
11 18 3 29
25 22 1 24
26 18 2 36
10 24 0 38
19 20 0 44
9 24 1 34
21 24 0 19
16 27 3 22
18 8 0 0
12 18 0 27
16 22 1 41
17 7 0 0
14 22 3 50
19 25 0 34
0 10 0 45
17 27 1 35
22 23 2 -4
19 7 0 26
25 22 0 28
3 16 0 8
8 15 0 34
27 16 1 24
2 19 0 8
14 23 2 9
1 21 3 -9
19 22 3 2
21 24 2 47
26 17 2 12
21 24 0 18
16 11 0 14
2 14 1 7
1 9 3 10
19 23 1 -24
25 15 3 24
9 23 2 39
24 21 3 9
6 12 0 19
2 20 0 7
27 20 1 18
1 18 0 0
20 18 2 -9
14 28 1 25
19 20 2 36
19 6 2 -3
19 20 1 25
1 2 0 0
7 2 2 50
7 6 1 32
21 23 0 -16
24 17 3 32
20 7 2 35
21 24 0 166
7 7 0 41
10 20 1 49
8 7 2 65
11 9 2 63
5 9 0 66
5 0 1 48
22 5 0 24
20 19 2 146
13 9 3 57
4 4 1 54
8 13 3 35
15 16 3 120
14 28 0 93
11 25 1 95
1 0 1 66
9 8 0 36
1 2 0 60
3 1 2 25
17 17 0 174
9 8 3 63
15 11 1 67
4 20 3 100
25 20 2 142
20 0 1 56
13 11 1 51
20 5 2 65
18 1 0 68
21 1 0 70
20 1 1 65
20 1 0 59
1 13 1 50
25 22 3 171
14 9 0 54
3 3 0 31
0 4 0 62
7 11 0 72
9 4 0 65
19 20 3 146
8 12 3 21
0 14 3 59
14 4 1 29
1 28 0 64
1 24 1 64
22 15 2 76
11 21 3 87
14 26 0 66
0 14 3 51
4 11 2 61
14 10 0 58
27 11 1 45
9 0 1 64
25 28 1 184
8 8 0 64
4 3 3 58
12 5 1 46
18 12 0 65
0 6 3 55
9 11 3 51
6 11 2 52
3 6 0 61
10 0 0 71
19 2 2 61
10 3 3 51
4 13 0 68
28 12 0 58
17 7 1 60
10 10 1 59
20 9 0 50
8 9 2 62
8 14 3 76
12 12 3 52
9 2 2 61
21 3 1 68
28 17 3 153
21 7 0 61
22 7 0 60
16 17 2 174
3 7 3 54
9 13 3 70
24 14 2 61
17 11 0 63
25 24 2 193
24 25 2 190
7 3 2 55
24 28 3 193
8 7 1 67
13 9 0 59
18 11 3 60
17 11 0 61
21 9 0 61
21 9 0 64
17 17 1 175
6 18 3 106
28 9 0 53
10 12 0 67
28 18 0 159
28 17 2 155
27 12 1 58
1 10 0 59
17 11 0 63
4 8 3 64
6 10 0 64
13 9 0 64
25 24 2 191
17 11 0 60
18 11 1 61
4 10 0 61
1 6 0 61
6 21 2 102
7 10 3 57
1 9 3 55
17 4 3 53
4 13 1 59
2 13 0 52
22 14 0 57
2 15 1 89
11 13 1 60
19 17 1 141
4 6 2 40
22 10 3 57
20 10 3 61
4 6 3 59
10 13 1 64
8 8 2 53
18 12 2 68
20 5 0 73
8 12 3 64
5 23 1 40
7 28 3 40
23 13 2 -11
16 8 2 -1
6 13 1 19
2 3 3 46
11 15 0 51
23 16 1 9
21 16 0 8
21 16 0 23
21 16 0 35
28 16 1 30
12 17 3 67
10 7 2 65
28 15 1 44
15 14 0 60
2 22 1 27
9 4 3 -29
12 21 2 37
3 22 1 54
5 20 0 35
19 25 3 123
11 15 2 34
13 17 0 23
25 26 1 29
22 7 3 -95
11 12 1 -81
21 17 0 24
15 17 3 54
15 15 1 50
28 18 2 24
20 7 3 -82
0 28 0 8
12 7 1 -22
18 0 0 0
11 11 3 6
14 11 2 5
4 0 3 0
5 11 3 30
18 8 1 26
21 28 0 26
25 22 2 28
25 8 3 -84
12 26 3 -2
21 7 2 -63
0 4 2 -58
25 24 0 63
21 25 1 56
18 22 3 69
17 22 0 74
5 2 2 -27
5 21 0 55
5 8 2 10
11 5 2 -15
23 4 2 20
22 4 3 27
15 21 0 62
18 21 0 20
27 22 0 21
5 23 0 -21
11 13 0 -85
28 12 3 -99
25 21 0 14
16 19 3 26
2 2 0 8
25 2 2 -22
10 20 3 7
13 24 3 38
19 8 2 -3
5 22 3 43
0 8 2 -29
2 0 2 -11
11 21 0 -7
16 21 0 6
27 27 1 20
28 27 1 27
23 24 0 21
18 10 0 -112
19 22 0 12
14 10 2 -114
4 26 0 71
27 13 0 -12
12 28 3 43
10 7 1 -36
3 6 2 -33
10 6 2 -18
8 13 0 -17
8 13 3 -9
1 25 3 20
26 19 3 80
15 18 0 11
21 23 0 16
27 27 1 23
1 10 3 -115
13 10 1 -118
20 11 1 -115
16 26 2 23
24 6 3 -34
28 12 1 -24
27 19 1 86
28 11 1 -4
11 23 1 40
12 1 1 -17
23 6 2 -4
16 28 0 34
17 27 0 39
18 27 0 25
21 25 0 22
27 23 3 24
4 11 2 -112
19 9 0 -116
22 8 2 -120
6 17 3 29
16 27 1 39
7 12 2 -2
12 1 2 9
14 5 3 -7
28 3 2 -11
14 25 3 8
8 16 0 19
7 3 1 29
12 10 1 34
21 10 2 34
15 19 0 41
19 9 3 -109
24 22 0 6
28 26 2 14
21 10 2 -124
16 27 3 184
17 28 0 170
22 8 1 49
5 28 0 165
18 7 0 41
5 5 2 29
4 11 1 34
6 6 0 25
4 28 0 177
6 28 1 183
9 5 3 29
11 10 0 20
6 7 0 16
7 13 1 37
5 6 0 33
0 5 1 46
4 15 0 69
13 16 1 25
3 15 0 61
8 24 0 105
3 15 1 60
25 10 0 56
17 25 0 161
13 3 2 52
8 24 1 143
6 24 1 138
7 24 1 133
5 24 1 127
5 24 1 115
5 24 1 110
4 16 1 72
4 16 0 73
10 24 3 114
8 24 2 121
4 16 2 82
8 24 2 121
8 24 2 132
9 3 0 64
24 10 3 74
16 25 3 165
8 24 3 151
8 24 3 145
8 24 3 138
8 24 2 136
8 24 3 138
8 24 3 137
22 3 0 57
21 3 1 55
6 15 2 44
19 9 2 55
2 18 0 136
9 11 3 15
8 15 0 44
9 5 0 61
11 5 0 58
10 26 0 182
13 5 0 49
7 28 3 184
17 28 0 174
1 27 0 182
16 14 2 30
7 6 2 50
3 6 0 44
11 14 3 16
4 28 0 203
16 7 1 67
11 4 0 36
26 9 2 22
7 15 2 70
9 6 0 60
26 8 0 74
19 22 1 167
19 22 0 164
14 5 3 60
16 5 2 51
6 26 0 187
19 7 1 55
23 19 3 166
27 7 0 55
15 26 3 163
14 25 1 175
26 7 2 69
3 15 0 58
25 10 1 16
14 16 1 53
9 13 2 59
25 9 1 74
13 13 3 60
15 24 0 170
13 13 2 59
22 9 1 66
2 27 3 179
0 26 1 193
3 26 0 204
0 26 0 193
2 27 0 187
18 8 2 53
14 15 3 31
11 12 0 26
0 6 1 40
10 25 3 143
7 6 0 67
7 5 1 74
1 10 3 40
27 13 1 39
19 11 1 35
0 28 3 164
18 27 3 146
0 5 3 36
7 15 0 65
9 12 3 46
3 6 0 32
17 22 1 173
20 14 1 56
21 22 3 153
17 25 0 150
27 9 1 61
27 7 3 68
12 14 2 65
3 26 2 210
15 14 2 65
16 27 1 181
5 28 2 180
15 7 3 49
1 13 2 49
14 9 1 47
12 24 0 157
25 15 3 53
0 15 0 57
13 17 0 58
3 15 0 56
13 16 1 -2
7 15 0 65
9 8 0 54
12 14 0 65
25 8 2 73
12 27 2 208
9 6 1 59
19 19 2 185
4 26 3 214
25 8 1 75
25 8 1 70
27 15 1 68
27 15 1 66
5 28 3 55
24 8 2 -75
17 8 3 -69
13 14 0 -82
7 17 0 48
14 16 1 49
16 15 0 60
21 16 0 63
6 16 1 41
12 19 1 26
0 16 0 24
20 17 0 37
20 17 0 44
25 17 0 45
26 17 1 50
26 17 0 52
4 25 3 64
9 5 1 -92
14 5 1 -93
13 5 1 -92
13 28 1 50
18 13 3 -78
28 19 1 21
24 19 1 18
1 28 2 43
15 7 3 -96
5 28 3 41
1 11 3 -72
25 8 3 -88
25 8 2 -89
25 8 2 -89
0 26 1 51
2 15 0 49
4 1 2 -43
10 24 3 13
2 24 3 24
18 21 1 42
2 16 2 -7
4 13 0 -83
21 12 3 -85
9 5 1 -104
18 11 3 -95
13 11 0 -104
9 20 3 4
10 15 1 -104
19 14 0 -111
18 21 1 13
22 6 1 -95
7 9 0 -64
3 23 1 36
16 13 3 -67
19 9 0 -47
3 26 0 81
5 25 1 74
11 28 3 69
25 8 0 -74
28 15 1 -77
19 19 3 41
16 7 1 -74
14 5 2 -75
15 22 0 23
25 23 0 84
27 23 0 47
23 5 2 -98
4 26 0 25
2 26 0 18
3 26 3 13
6 26 0 14
3 25 0 8
5 25 0 9
10 25 0 17
3 24 0 20
9 24 0 16
3 23 0 22
11 16 1 -73
9 26 3 77
14 26 3 66
8 26 3 72
2 26 2 69
27 8 0 -73
19 12 3 -99
1 27 0 13
3 26 1 12
12 14 0 -139
4 26 0 8
3 26 1 8
14 27 0 11
15 28 2 10
9 28 2 20
22 8 2 -112
18 8 1 -97
21 27 0 40
24 25 3 53
19 27 1 49
27 6 3 -55
7 4 0 -13
8 26 3 19
5 28 0 15
24 8 0 -116
25 8 1 -115
1 26 2 15
10 27 3 10
9 28 2 14
1 13 0 -111
21 8 0 -109
2 26 1 26
6 28 3 32
17 19 1 22
0 22 0 61
27 28 0 49
4 23 3 73
7 9 0 -32
24 6 1 68
21 6 1 75
24 22 2 126
3 18 2 51
19 19 3 97
19 19 3 100
24 6 1 100
15 7 0 57
5 18 2 56
6 18 2 65
19 7 1 56
15 7 0 52
18 7 1 45
15 18 2 56
20 13 0 20
20 13 1 20
20 11 1 67
24 6 3 99
23 6 2 102
24 6 2 99
24 6 3 96
23 6 3 93
16 5 0 79
16 5 1 74
20 5 1 76
5 24 2 81
24 5 0 74
21 1 0 18
7 2 1 10
8 2 0 8
11 12 1 -2
25 11 2 34
24 19 2 99
1 3 0 70
3 3 0 61
4 3 0 57
11 0 3 54
1 0 0 59
3 3 1 57
3 3 0 54
12 0 2 64
12 0 3 64
15 0 2 68
16 3 1 69
17 3 0 69
17 3 0 70
17 27 2 122
21 17 1 64
1 12 3 48
1 12 2 59
17 22 2 147
7 20 2 136
13 27 0 53
4 22 0 56
26 26 0 83
26 25 1 78
11 23 0 36
6 23 2 34
3 15 0 -82
23 26 1 46
3 15 2 -84
3 23 0 12
16 24 3 123
26 27 1 44
1 5 3 57
1 11 2 58
4 7 1 46
5 7 0 51
26 21 3 90
4 18 2 58
26 21 2 98
26 21 3 101
5 18 3 61
5 18 3 54
4 18 2 54
19 19 2 68
19 19 3 69
4 18 2 51
0 24 0 116
26 6 1 56
1 14 3 50
0 23 2 177
1 23 1 175
8 20 2 194
1 23 0 170
1 23 0 168
9 20 1 189
1 23 3 170
12 20 2 188
8 20 1 188
13 23 3 176
1 14 2 47
5 20 2 139
10 21 3 137
27 9 0 46
10 21 3 141
28 5 1 100
1 12 2 61
7 7 2 37
6 6 3 45
8 11 0 42
0 2 1 62
1 12 1 61
26 5 3 106
23 12 3 84
19 19 0 75
4 18 1 41
4 18 0 26
20 19 1 54
24 4 1 42
25 18 3 47
26 4 1 48
11 9 2 66
1 14 0 62
7 16 3 57
21 25 1 181
7 13 0 68
1 22 2 174
1 22 3 174
13 20 0 190
13 20 1 191
17 10 2 64
5 17 3 56
4 17 3 38
4 17 2 37
15 18 3 66
8 10 2 12
26 4 3 44
1 14 3 60
1 14 0 62
10 23 0 168
3 23 0 157
2 22 0 159
9 13 2 45
5 8 1 40
20 2 1 87
15 22 0 161
15 20 0 160
18 15 0 47
24 15 0 54
21 1 0 48
23 1 1 35
0 23 2 115
26 11 1 47
27 4 0 95
1 17 0 63
7 17 0 61
13 17 0 64
14 17 0 69
20 17 0 71
24 8 2 71
7 16 0 49
4 15 2 36
14 21 0 142
9 21 0 141
13 10 2 15
3 15 3 18
16 23 2 132
25 16 3 43
13 24 0 116
1 19 1 69
1 19 0 60
3 15 0 -88
10 23 0 14
13 23 0 11
13 20 3 17
3 15 1 -98
20 20 0 22
13 25 3 6
6 24 3 2
20 5 1 -9
14 19 0 5
27 6 2 46
16 21 0 134
1 23 1 115
25 28 3 36
0 22 0 19
20 22 3 50
20 24 0 45
6 21 0 16
7 21 0 16
14 21 0 17
13 21 1 16
3 15 2 -100
11 23 2 9
11 23 3 8
10 23 2 8
10 20 2 12
24 22 0 34
20 19 0 18
0 23 2 111
25 26 3 27
1 12 1 -81
10 23 2 39
14 23 2 38
11 20 1 39
3 15 1 -79
9 20 0 37
3 15 0 -84
9 20 0 36
10 23 0 25
2 5 0 -103
13 21 1 -17
7 21 3 -19
22 28 2 -20
19 15 0 -119
28 5 1 53
25 26 3 37
14 23 1 41
14 23 0 43
24 21 2 47
13 18 3 17
4 18 3 20
16 5 2 14
12 25 0 17
10 14 1 -95
10 10 1 -91
20 26 0 25
27 16 3 -57
24 9 3 -76
21 25 0 15
3 22 1 -6
28 5 1 53
26 26 1 2
2 3 0 -9
1 27 0 23
1 6 1 19
7 13 2 9
0 3 2 30
26 2 1 45
1 10 2 9
7 6 2 15
4 23 0 44
16 16 2 -72
20 26 0 31
6 15 1 -102
5 15 3 -98
3 6 0 -94
28 5 3 52
26 28 1 3
27 13 2 32
1 28 0 32
20 24 1 170
26 11 3 63
10 9 0 -31
27 15 0 -1
1 4 3 0
0 10 3 -38
2 7 0 -44
14 1 2 -41
25 18 2 -39
4 22 0 26
0 25 1 15
15 15 3 -72
0 10 2 7
2 27 3 -2
11 11 2 19
1 25 2 75
1 26 3 81
15 6 1 42
8 16 3 -7
10 4 2 18
6 18 1 5
3 27 3 53
1 26 2 53
16 28 3 79
14 5 2 66
15 5 2 96
20 6 0 78
28 6 1 14
16 6 0 30
18 28 1 89
11 23 3 129
5 23 0 127
2 9 3 24
5 21 1 111
25 26 0 133
20 17 1 93
3 1 0 53
26 1 0 61
7 1 0 65
4 24 3 155
22 19 3 81
17 26 0 142
28 21 0 84
27 19 0 88
24 16 0 72
24 19 0 81
18 2 0 41
25 8 3 92
11 1 2 41
25 9 1 62
25 9 1 63
8 3 0 51
11 3 0 37
14 3 0 38
13 3 1 50
16 3 0 47
10 3 1 42
6 11 1 38
16 3 1 38
25 3 0 45
27 10 0 31
16 16 1 63
6 18 3 12
4 10 2 93
3 5 0 13
25 28 0 20
1 28 2 39
24 5 1 -12
9 23 0 -3
21 20 1 -51
2 28 0 25
9 27 0 35
8 18 3 4
11 24 2 21
7 21 2 19
23 19 3 6
3 6 3 -9
15 5 3 128
13 4 3 74
4 9 2 96
3 4 2 30
15 4 2 62
14 4 3 43
21 13 0 11
9 4 3 17
15 4 3 25
15 4 2 33
14 4 2 39
18 22 2 29
21 7 0 34
17 4 3 48
13 4 3 58
27 7 0 16
4 9 3 64
16 23 1 132
19 12 2 134
27 12 2 82
21 12 2 135
4 19 1 109
2 27 3 146
9 14 3 36
14 2 1 20
13 2 0 17
15 2 0 22
10 10 1 43
14 2 0 40
16 2 0 36
16 2 0 39
16 2 0 47
15 1 3 43
5 7 2 47
4 11 2 97
3 13 2 14
16 7 3 60
11 3 1 46
13 3 0 40
15 5 1 28
10 24 0 9
25 20 0 -38
5 22 1 7
27 19 2 -33
15 24 3 12
0 21 1 -1
6 19 0 -16
3 5 3 -13
28 5 1 34
14 0 0 40
4 9 2 85
26 7 1 47
25 10 3 61
24 10 2 47
9 4 2 34
20 6 0 13
13 4 2 25
18 4 2 9
16 4 3 13
18 4 3 -6
25 11 3 16
25 11 2 20
11 6 1 32
3 6 1 11
2 5 2 23
7 13 2 53
17 10 0 81
10 11 1 72
14 0 2 57
21 3 1 64
9 0 2 57
9 10 1 33
9 0 2 60
6 1 2 29
8 1 3 36
10 10 1 34
0 18 1 54
5 0 3 51
20 7 3 50
7 25 0 96
6 8 2 46
14 5 0 128
1 27 3 139
20 23 0 53
1 25 1 80
10 18 3 23
12 17 3 12
20 17 0 19
28 17 3 21
26 18 1 16
25 12 0 74
1 28 2 78
15 18 0 29
21 19 0 18
4 24 3 80
4 24 3 80
6 8 0 7
13 22 0 34
10 22 1 35
18 15 3 6
4 20 3 36
10 18 1 28
17 18 0 34
17 19 3 30
27 20 1 42
17 25 0 88
15 23 0 82
2 4 1 -12
21 18 0 34
25 18 0 44
25 19 1 37
15 25 3 91
24 5 3 61
0 21 0 22
10 24 0 35
20 27 1 43
11 23 1 33
11 18 2 12
4 18 1 15
0 19 1 18
13 10 1 35
9 0 2 23
11 20 1 31
21 24 0 46
28 19 3 37
5 21 1 80
16 27 1 103
11 26 0 93
21 25 2 87
5 22 1 8
26 20 3 -22
20 27 3 42
17 25 2 36
17 24 1 25
8 22 0 23
20 17 3 0
27 26 1 20
15 24 0 25
10 23 1 19
20 26 0 22
18 6 3 30
23 7 3 -6
25 23 0 35
18 9 0 28
2 23 0 80
19 5 0 -33
5 26 0 -7
3 25 0 14
22 22 0 -23
7 28 3 29
15 19 2 -18
9 24 1 21
16 19 0 -19
16 24 1 22
20 26 1 25
1 26 3 35
5 22 1 0
26 20 2 -30
6 20 1 7
18 25 1 35
3 22 0 17
27 26 3 -30
2 27 2 7
22 25 3 12
4 17 3 -17
21 28 1 10
12 27 3 9
1 27 0 37
24 23 0 -23
22 22 0 -35
3 23 0 0
4 19 3 -2
21 17 3 -32
25 25 3 17
6 23 3 9
15 25 1 24
14 24 0 19
20 26 0 -18
20 24 2 -15
10 28 0 27
6 22 1 13
10 23 2 11
3 20 3 6
16 27 2 33
27 23 3 -16
14 14 1 -3
19 23 3 18
8 20 3 6
12 21 3 1
17 13 1 20
20 13 1 17
27 19 1 -31
12 24 0 6
16 12 1 74
3 14 2 55
6 10 0 75
13 15 3 69
7 11 2 63
11 23 2 -25
23 27 3 -9
6 5 2 49
13 21 1 71
13 20 1 94
25 4 1 69
27 3 0 69
28 3 0 24
28 1 0 16
16 6 2 -45
11 20 1 -65
13 1 0 11
14 10 0 44
8 2 1 28
15 15 2 58
10 1 3 36
14 22 0 24
15 16 0 56
12 11 3 94
26 19 1 96
5 23 2 88
20 1 0 58
20 1 1 56
15 8 1 118
26 3 0 59
28 1 0 27
5 22 2 -67
17 22 3 -8
19 8 0 -13
12 12 0 4
7 5 2 -12
2 15 0 51
6 10 2 87
26 13 3 98
20 20 2 41
27 13 0 93
26 8 1 53
6 20 2 69
7 25 1 58
3 26 0 67
4 25 2 81
5 17 0 87
24 0 0 18
25 4 1 -50
1 5 0 31
23 12 2 48
4 4 0 42
13 21 3 29
14 25 2 48
14 25 3 47
21 10 0 55
16 11 0 99
12 6 0 58
14 21 3 46
17 18 1 92
28 19 1 108
9 28 2 64
3 21 0 92
19 0 2 59
28 24 2 8
13 17 3 21
10 3 3 12
8 24 2 -5
2 24 3 6
13 3 0 -1
9 25 3 -21
10 9 2 43
18 6 0 29
11 21 3 13
7 20 2 19
18 7 0 82
11 28 2 65
15 19 3 102
11 27 2 65
28 7 0 46
28 21 2 2
3 6 3 31
26 19 1 22
14 7 3 35
26 27 1 42
20 17 2 31
21 17 1 28
2 25 0 3
8 22 0 -8
14 20 3 10
15 1 0 12
13 17 3 73
23 9 1 44
7 19 2 39
13 19 2 67
8 28 2 12
15 15 3 14
14 2 2 -28
3 11 0 1
28 3 3 -31
6 17 3 24
14 18 1 30
24 24 3 30
27 12 1 38
28 6 1 -54
25 25 0 -16
5 10 0 10
15 6 0 2
7 28 3 -43
13 19 3 -2
20 2 0 -21
16 3 0 12
9 12 1 4
13 23 1 -18
1 14 3 9
11 2 1 -40
8 2 2 -18
28 27 1 14
16 3 0 -18
26 27 3 1
7 17 1 -5
4 15 1 -8
3 16 1 -34
21 13 0 -4
22 10 1 -43
17 24 0 -30
13 20 3 -13
28 14 0 56
16 26 0 -9
5 4 0 27
3 9 2 70
13 0 1 1
21 12 0 28
2 16 3 -14
5 3 0 0
27 26 2 -7
16 3 2 -14
22 9 3 0
27 9 2 -20
3 19 1 -20
3 19 1 -22
4 23 1 -37
16 5 0 -24
28 21 3 -15
26 26 3 29
23 16 1 43
8 21 2 -8
5 17 0 27
9 18 1 -1
10 18 0 8
16 11 2 56
27 25 2 16
22 2 3 -21
21 2 2 -17
19 17 0 41
21 17 0 32
23 17 0 31
26 17 0 33
23 15 0 64
8 25 0 -27
24 14 0 88
6 24 0 17
0 27 0 17
6 25 0 23
8 25 1 38
1 20 1 68
0 26 1 43
12 28 0 19
26 6 2 -6
17 19 0 39
13 5 0 31
19 26 3 30
2 24 0 26
6 20 2 29
17 0 3 1
18 24 3 19
25 23 0 53
26 5 1 16
11 21 1 41
24 6 3 22
3 20 2 58
23 2 1 30
25 24 2 62
13 28 0 33
0 12 3 86
3 19 0 45
15 6 2 49
10 9 0 66
28 22 0 53
10 23 0 21
18 2 3 -4
22 2 3 -9
19 6 1 56
16 23 0 55
25 5 3 21
20 28 0 58
4 28 0 34
6 22 3 50
11 25 2 44
22 9 1 31
20 17 3 49
3 24 2 29
7 26 3 28
6 27 0 23
16 20 2 56
4 28 0 24
7 21 1 40
25 5 3 7
16 25 1 66
14 18 0 75
3 22 2 43
5 25 0 50
7 25 0 59
13 20 0 78
17 3 2 36
7 18 0 46
7 3 1 37
12 9 0 49
23 20 2 43
21 2 0 11
27 6 0 13
2 18 3 56
2 18 3 40
10 24 3 15
3 23 2 64
25 5 3 41
24 19 1 77
10 25 1 66
6 21 2 86
9 27 0 53
6 27 1 49
5 23 1 57
1 22 3 55
10 10 0 69
21 23 0 43
25 5 2 8
28 8 0 -5
8 2 3 -4
13 0 0 -2
20 1 0 -20
16 19 1 103
22 7 3 63
6 26 0 53
6 22 1 78
4 21 3 84
4 22 0 76
25 5 1 51
9 27 0 43
3 25 1 50
13 10 0 91
28 5 1 23
22 6 3 25
26 8 3 14
26 7 3 -18
24 20 0 26
19 0 1 -23
6 25 3 -54
10 2 0 21
17 22 0 -25
4 2 3 17
3 2 3 16
1 1 0 14
9 26 1 -73
13 21 1 -36
8 14 2 -12
0 21 1 -46
18 20 3 -28
4 17 1 -9
12 2 2 32
7 10 0 12
25 12 2 64
0 7 0 24
27 22 2 -20
11 21 3 -34
6 0 1 14
6 0 0 13
22 22 3 -29
9 1 0 16
11 1 0 18
11 18 3 -18
8 2 1 25
3 20 3 -34
5 17 3 -5
10 23 1 -21
27 4 3 39
15 17 2 7
28 12 1 34
5 17 0 29
16 6 0 11
25 15 2 -25
9 1 1 24
7 16 0 -14
13 2 1 10
18 22 0 -39
28 24 3 -43
21 21 0 -29
12 2 2 25
0 23 1 -41
19 3 1 30
28 28 1 -18
11 23 2 -5
8 8 3 -32
4 13 1 -4
1 13 0 -20
7 9 3 59
1 7 3 -2
7 10 3 20
23 8 0 21
20 7 0 8
13 5 0 0
5 26 2 -71
15 4 3 16
10 27 1 -56
15 23 1 -19
18 3 3 18
0 14 0 -25
26 24 2 -37
6 1 3 11
5 1 3 11
21 22 2 -29
28 26 2 91
0 6 0 -1
9 12 0 -1
15 15 3 56
28 9 0 104
9 11 2 35
13 13 3 34
22 9 1 54
24 8 0 41
24 7 0 34
5 4 1 11
5 0 3 15
26 6 1 15
26 6 1 15
26 6 1 14
20 21 1 -27
17 12 1 36
0 9 0 49
7 11 3 14
25 8 3 39
3 11 3 65
21 25 0 114
11 25 3 75
19 14 2 79
15 12 0 46
4 10 1 65
18 4 0 125
21 9 0 53
22 9 1 71
13 7 0 31
24 8 0 22
27 8 0 23
14 25 3 66
3 25 2 63
2 11 0 51
7 5 0 53
7 11 0 15
9 11 0 37
10 26 1 48
17 21 0 92
8 7 2 62
26 3 1 106
9 27 0 61
19 3 1 125
3 10 0 45
24 0 3 40
2 13 0 -6
17 8 3 18
1 23 2 21
17 16 1 20
15 24 3 36
6 14 0 57
21 25 0 12
18 26 3 2
22 12 3 43
28 2 3 115
14 15 3 53
21 24 0 54
6 21 1 73
18 27 0 58
9 23 3 45
22 12 0 15
11 25 1 0
11 25 0 -6
5 23 3 4
5 0 1 73
2 21 0 9
19 5 0 52
28 25 2 3
25 22 0 4
15 22 3 7
14 17 0 54
8 24 3 68
10 25 2 56
0 19 2 46
3 15 1 52
25 20 0 39
4 23 2 17
17 2 3 78
8 16 0 45
4 16 1 25
3 1 2 55
26 17 3 6
25 5 3 54
24 24 0 10
16 24 0 8
25 16 3 10
0 17 3 25
20 17 1 39
18 17 2 26
0 1 1 72
14 0 1 73
17 23 1 30
8 19 1 26
17 2 2 56
28 12 2 31
18 17 0 40
3 24 0 11
18 24 1 33
6 16 1 45
17 2 3 54
12 3 0 72
19 3 1 54
21 25 1 17
12 17 0 34
9 27 0 11
14 18 1 46
13 20 0 24
26 21 1 29
4 21 2 16
20 25 2 25
6 25 1 -1
5 16 1 81
6 26 1 26
25 15 3 51
19 2 1 89
4 23 1 22
18 17 2 32
13 28 2 5
11 0 1 81
9 21 1 28
10 26 0 -6
5 21 2 12
23 6 1 70
28 18 3 29
12 0 3 84
12 22 1 20
21 0 2 58
11 19 0 86
1 23 0 38
7 20 1 47
8 14 3 67
28 27 0 34
7 18 0 49
21 20 1 37
22 3 2 67
20 20 2 30
1 14 0 21
24 17 3 21
8 2 3 75
10 1 0 78
16 22 3 36
2 17 1 39
8 19 2 30
1 26 0 47
19 3 2 111
19 19 0 76
1 21 1 61
11 18 0 97
5 24 1 53
10 18 1 87
1 26 3 41
15 16 3 35
2 19 0 46
28 27 1 29
20 25 0 40
5 25 0 21
9 28 3 35
0 0 2 80
10 0 2 72
13 18 2 63
6 18 3 80
7 25 2 39
25 15 1 77
3 20 2 65
1 26 0 53
0 23 2 46
21 18 1 75
11 1 3 125
21 12 2 43
7 15 2 68
8 16 0 63
15 24 1 37
0 25 2 39
16 13 1 31
7 27 2 26
26 13 2 33
14 25 3 22
1 22 2 10
13 17 0 41
15 23 3 36
3 18 2 56
9 27 1 28
2 25 3 42
14 1 2 122
18 17 2 55
11 12 1 23
10 12 0 16
23 18 0 89
12 25 3 42
9 25 2 35
8 25 3 26
21 27 3 41
23 9 3 76
17 14 0 94
18 9 2 99
13 1 3 94
15 1 2 107
17 12 3 93
21 17 0 88
3 15 2 49
0 13 0 52
15 6 3 90
17 1 2 36
16 0 0 27
8 6 3 93
17 18 0 71
21 15 2 25
15 18 2 10
24 7 3 56
7 0 0 16
4 1 1 41
10 10 2 76
8 0 0 23
20 9 2 74
11 14 3 66
12 8 3 120
28 26 1 83
15 2 1 64
2 11 3 84
9 26 0 71
5 12 1 40
27 2 0 32
15 27 2 24
9 4 0 19
8 6 1 38
16 24 0 -1
2 4 1 33
0 4 1 35
10 4 0 29
4 25 2 5
0 5 1 45
11 12 3 1
17 4 0 31
0 10 3 45
10 26 0 42
2 1 1 31
23 20 2 44
11 8 1 46
10 17 0 -12
0 21 1 -30
6 5 0 9
9 6 1 11
5 8 1 24
16 25 0 -18
9 5 1 18
10 7 1 33
13 4 0 14
6 4 1 26
12 22 1 -3
14 27 2 -9
27 2 1 3
15 22 1 -12
17 25 2 4
27 5 0 71
14 7 2 17
6 7 1 18
8 7 3 16
6 23 3 -26
3 8 1 16
13 22 0 -36
12 22 1 -30
2 8 0 11
16 5 1 -3
11 4 1 -6
2 4 0 10
5 1 1 -36
9 15 2 -11
9 12 1 5
12 7 1 54
13 27 0 13
26 2 0 19
4 9 1 24
1 24 1 -22
7 12 1 -40
2 26 3 -32
10 8 0 7
12 8 0 9
11 9 0 6
13 9 0 4
9 1 2 -26
18 9 0 43
20 9 0 56
16 0 3 52
18 23 0 36
25 2 3 -2
3 14 0 36
5 17 3 28
18 4 1 55
26 26 2 21
11 1 3 -13
16 1 2 16
25 1 3 35
15 21 1 29
0 10 3 62
17 0 3 12
1 2 1 56
8 3 0 70
20 11 2 31
5 22 2 58
3 1 2 30
6 26 2 37
19 4 3 42
2 0 1 -8
1 12 1 36
0 25 1 33
7 27 0 33
10 27 1 37
13 28 2 32
17 13 2 27
3 1 3 26
25 26 3 57
15 6 0 93
16 1 0 46
17 24 0 77
15 1 1 48
22 14 0 30
0 19 3 17
22 8 2 38
23 9 1 30
2 8 0 77
16 6 1 64
20 3 0 27
0 11 3 54
7 26 3 42
28 27 2 76
7 28 1 58
6 28 2 66
12 26 1 63
22 13 2 41
21 14 3 36
21 16 2 27
22 25 1 17
26 24 1 43
15 0 3 4
23 17 2 43
1 5 1 69
8 18 1 24
15 15 0 15
8 17 3 25
1 16 2 49
1 18 3 45
11 24 0 41
9 13 0 47
9 13 1 42
17 12 2 42
18 17 0 41
26 10 1 32
21 17 2 -19
27 17 1 -9
25 2 1 10
26 0 1 -8
22 0 0 15
18 14 3 10
17 5 3 50
18 17 3 0
15 17 1 8
3 23 2 24
25 2 1 41
12 0 0 -2
11 20 0 33
14 7 1 88
21 20 3 35
22 14 0 17
3 12 1 3
14 16 3 -40
22 10 2 -22
24 22 0 11
0 19 2 26
21 5 1 48
22 5 1 40
2 26 3 22
15 15 0 12
6 15 3 24
12 11 2 33
1 23 3 34
15 17 0 31
17 23 2 43
22 13 1 0
18 20 2 10
27 18 3 34
23 14 3 3
22 16 2 -1
13 17 1 -45
8 7 1 75
0 21 1 25
12 4 0 54
13 21 1 26
9 19 1 28
2 18 2 29
7 7 0 70
10 25 2 26
10 20 0 33
17 16 3 30
8 4 3 29
19 23 1 11
17 5 3 36
0 9 1 48
0 27 0 -23
16 21 0 -7
1 20 3 36
4 7 2 72
0 23 0 26
7 5 2 66
28 2 3 45
20 3 3 43
2 4 2 64
10 20 3 20
20 23 3 40
9 12 2 11
14 25 3 12
7 23 2 11
21 16 3 22
20 3 0 35
25 27 1 51
13 10 3 43
15 22 3 42
2 21 1 40
2 19 2 36
26 12 1 40
25 17 1 30
10 9 2 33
11 9 3 42
21 5 2 36
12 20 3 11
1 8 3 56
19 27 0 27
21 27 0 36
21 16 1 1
27 23 2 -1
24 9 3 2
13 10 3 3
23 18 2 88
4 20 2 62
2 20 2 63
1 5 2 79
3 4 3 69
17 28 0 33
20 3 3 46
14 17 3 25
21 16 2 46
2 1 2 31
28 3 3 79
21 27 2 41
23 25 3 6
21 16 2 -20
21 24 2 -16
1 7 0 8
6 7 0 -18
3 21 0 -13
27 4 3 42
1 7 1 27
4 16 2 22
4 16 3 22
7 24 3 43
9 20 0 47
0 2 0 63
15 26 3 26
20 3 3 28
26 4 3 36
26 16 1 28
11 26 2 31
8 27 1 19
17 16 0 29
1 1 0 22
7 7 0 46
2 23 0 50
28 10 3 42
8 24 3 24
9 15 1 26
3 4 0 41
22 3 0 50
11 23 0 39
17 2 3 21
7 6 0 55
27 14 1 39
20 18 0 39
1 4 2 20
4 7 0 8
16 25 2 29
25 15 0 11
1 0 2 37
4 8 3 35
19 2 1 32
27 9 3 12
25 7 3 33
22 22 0 15
21 11 3 13
12 18 3 39
9 13 2 19
1 0 3 39
21 3 0 18
10 3 1 19
10 11 1 21
7 7 2 20
4 11 0 4
4 21 2 6
10 20 1 7
7 24 0 -12
7 21 1 -5
25 1 3 -1
9 15 0 14
20 3 0 6
7 4 3 31
21 28 0 24
16 22 0 1
0 2 0 6
14 23 0 -4
13 7 0 8
4 1 2 -8
22 20 2 -2
1 27 0 6
13 23 0 10
9 5 2 39
26 13 1 -9
25 16 2 -5
10 8 2 9
25 8 3 30
21 2 2 -1
13 5 0 29
4 21 1 33
8 5 3 27
24 4 3 13
5 16 2 13
3 0 3 -13
7 3 1 -12
12 7 0 6
3 8 0 25
5 0 1 34
8 6 3 54
8 24 2 30
6 6 0 69
19 13 3 32
9 0 3 21
25 14 2 19
8 22 3 19
11 8 2 29
22 16 3 20
19 28 0 9
3 21 1 18
19 2 3 -10
6 8 1 1
23 24 0 19
18 27 1 24
5 5 1 43
20 9 2 32
10 21 2 32
6 4 2 55
2 17 2 46
27 28 1 16
4 6 3 33
24 2 1 38
27 16 3 7
4 27 2 27
3 7 2 38
22 2 3 27
6 9 0 42
15 23 0 30
28 14 2 14
15 5 2 33
11 28 0 76
21 2 2 36
8 26 0 28
10 2 2 64
15 10 0 39
21 11 2 17
23 10 0 44
20 27 3 26
26 11 3 24
21 10 2 7
25 9 2 19
1 25 1 40
9 26 3 53
27 13 1 34
5 7 0 74
20 20 1 46
13 7 3 27
5 15 1 23
4 20 3 19
16 14 3 39
12 20 3 34
4 14 0 7
16 0 0 23
3 27 0 37
10 22 1 47
17 13 2 16
0 0 0 20
5 3 3 31
5 21 0 16
17 13 1 59
0 25 0 65
3 26 1 52
14 8 2 29
27 13 0 10
1 20 2 31
19 14 1 28
27 3 1 34
28 13 1 4
18 25 0 14
3 21 1 13
3 25 3 27
12 25 2 34
23 23 1 15
24 20 3 9
7 14 1 17
14 14 2 28
3 6 1 32
19 17 0 26
27 14 0 -10
25 26 3 -22
17 12 1 27
7 3 2 49
21 22 1 36
20 0 3 14
28 3 2 39
27 15 3 29
1 11 3 -5
9 6 3 43
22 22 1 16
22 3 3 17
16 17 2 21
26 5 3 44
22 18 3 33
3 3 2 19
2 8 3 -8
4 16 1 11
17 5 3 16
21 27 1 18
5 12 0 31
27 1 1 13
16 26 2 30
1 0 0 39
5 23 3 24
20 4 0 41
25 16 1 15
27 15 1 -3
10 0 2 28
16 13 0 22
21 28 2 23
1 4 3 22
0 0 0 41
6 0 1 20
7 14 1 15
8 20 1 36
21 14 2 47
10 0 0 23
6 8 2 24
10 11 2 9
28 14 1 10
16 14 0 42
2 0 2 51
19 13 3 27
18 20 0 49
10 19 1 30
18 17 0 45
27 11 3 26
20 13 1 33
3 4 0 -5
16 0 3 15
6 9 1 35
8 22 2 50
14 28 2 23
12 28 3 25
10 28 0 45
20 13 0 32
8 0 0 64
10 22 2 47
7 17 1 33
0 6 1 61
7 17 0 47
15 28 3 42
20 19 2 28
2 25 2 -5
12 22 1 5
16 2 1 8
1 0 2 47
10 15 1 40
22 28 2 1
23 11 0 29
2 12 0 10
25 9 0 50
19 14 3 51
16 26 2 5
17 5 0 54
13 6 2 60
18 12 1 52
4 18 3 30
1 17 1 57
18 5 1 -1
10 20 0 2
28 13 2 -10
23 11 1 9
23 19 0 12
10 6 2 22
3 4 1 4
10 16 0 0
10 15 1 37
18 9 0 29
26 9 0 64
27 14 2 30
11 5 3 40
20 7 1 47
7 25 2 16
12 4 3 36
25 6 1 63
22 13 3 90
26 5 2 77
13 3 3 75
10 22 3 85
23 16 3 95
6 5 3 66
3 5 3 68
20 19 3 84
28 0 2 62
7 8 2 22
1 10 2 47
1 16 3 64
20 0 1 19
7 24 1 34
15 4 2 -23
19 11 1 65
13 20 1 86
27 5 1 75
27 5 0 77
17 3 0 75
19 14 0 88
20 15 0 84
20 6 3 61
11 10 3 56
17 9 3 51
25 3 1 57
1 2 3 43
23 1 0 36
7 3 2 26
6 22 3 54
4 23 2 48
4 2 0 31
3 2 0 39
8 2 0 46
8 2 0 50
18 4 0 53
10 2 0 43
9 5 0 57
3 0 3 37
4 0 2 38
17 2 3 47
19 11 0 66
27 5 1 58
19 11 1 66
14 2 1 56
15 1 0 56
25 3 1 53
11 13 0 18
1 5 0 41
2 5 1 45
0 16 3 62
14 21 3 51
24 12 3 59
27 5 0 44
20 12 0 54
23 5 0 44
17 5 0 44
24 4 1 45
23 5 0 48
25 13 3 76
10 10 1 57
19 8 1 58
27 5 1 55
20 25 2 44
3 7 1 47
3 25 0 81
3 14 2 41
14 1 1 38
19 9 2 48
25 6 0 44
22 13 3 61
27 8 3 60
18 25 0 77
19 9 2 52
7 11 3 57
19 8 1 57
11 10 2 51
19 10 0 52
21 13 0 58
0 0 2 6
24 12 3 48
16 22 2 62
19 26 0 81
20 4 3 52
13 16 3 68
25 13 2 75
4 0 1 35
24 4 1 50
18 3 0 43
12 24 1 74
14 26 0 78
11 24 3 65
12 24 2 61
19 5 1 35
1 7 2 56
14 22 1 40
22 24 3 61
4 10 0 47
5 10 0 55
14 4 0 58
25 6 1 53
11 10 3 55
13 22 2 71
0 24 3 99
2 13 2 46
13 5 1 52
21 12 0 54
25 12 0 54
22 5 1 28
9 8 3 29
22 12 0 28
10 26 1 45
27 2 3 25
19 4 0 45
5 25 3 93
25 6 1 44
28 9 1 57
22 18 0 80
10 5 2 51
15 1 2 49
7 20 2 66
9 5 3 47
27 22 1 75
26 13 2 56
13 17 0 37
25 4 0 17
6 24 3 57
6 19 1 27
1 15 0 37
0 2 0 28
9 18 1 54
9 16 3 49
21 12 1 40
9 5 0 42
21 5 3 41
10 18 1 49
7 22 0 57
19 15 0 46
21 4 0 23
19 15 0 43
25 15 0 42
21 6 3 17
15 12 2 18
21 21 0 35
1 21 3 59
2 10 2 27
28 9 0 24
20 0 2 29
9 21 2 52
20 12 0 51
19 12 0 42
7 8 3 32
16 10 1 13
20 16 0 39
22 5 0 12
10 5 3 19
1 21 3 55
23 4 0 8
18 8 3 11
5 5 0 5
1 5 2 14
9 3 1 9
0 16 3 31
8 21 0 42
23 12 1 50
11 19 0 51
1 0 1 22
14 19 0 42
18 26 0 39
24 6 0 5
14 24 0 32
8 8 2 4
26 22 2 46
11 10 3 10
18 12 3 18
7 9 2 -4
12 18 0 10
25 15 0 14
5 21 0 32
9 21 0 31
1 1 0 16
22 5 0 34
14 19 0 49
27 12 3 43
16 10 3 17
22 14 2 34
5 19 3 37
23 5 3 3
25 21 0 38
23 13 1 23
19 25 3 34
0 23 0 30
19 15 0 -4
25 13 0 -8
7 23 2 8
6 8 2 9
14 19 3 39
25 6 1 28
10 10 1 28
19 11 0 34
17 0 2 18
7 27 1 52
4 21 3 64
14 17 2 28
10 18 3 19
24 21 2 37
7 20 3 23
28 12 3 -3
1 25 1 41
4 4 3 -5
4 27 1 22
7 21 2 37
26 8 2 27
0 23 2 80
3 6 0 43
1 5 1 29
6 22 3 39
9 27 0 42
3 6 2 36
9 14 2 26
21 8 3 6
3 21 0 48
7 21 1 17
7 22 0 13
14 21 3 1
22 18 3 36
5 10 2 -7
2 17 2 28
24 1 2 17
19 1 2 28
2 19 0 54
5 7 3 32
19 25 1 36
28 20 1 50
2 1 0 4
20 1 2 7
10 27 2 30
2 21 2 44
5 8 1 1
16 21 3 -8
0 6 2 -2
3 1 0 -31
16 11 3 -3
2 24 1 60
19 27 0 53
21 1 2 6
21 1 3 4
20 21 3 34
19 25 1 32
11 27 1 18
9 26 2 26
27 12 3 28
11 15 1 8
20 1 3 5
18 26 1 18
28 9 1 -36
11 11 3 12
20 3 0 -5
17 5 1 -14
20 5 0 -17
4 23 0 25
10 21 3 24
15 18 1 51
23 19 1 63
26 1 0 68
22 5 0 35
22 21 3 48
5 12 0 46
7 5 0 1
8 1 1 14
10 1 0 16
14 3 0 2
26 11 2 -3
22 18 1 34
8 19 0 15
20 22 0 27
13 10 3 16
18 8 2 15
22 4 0 51
17 2 0 16
9 23 3 56
1 14 0 61
10 12 2 39
13 15 1 38
5 4 2 -21
2 12 2 36
24 21 0 66
28 13 2 71
5 4 1 64
19 4 0 29
5 3 0 39
7 3 0 25
3 9 2 40
17 8 3 50
22 5 0 59
11 9 2 34
10 13 3 73
24 17 2 81
19 2 1 44
3 8 3 33
1 2 1 -5
27 3 0 45
25 11 2 5
20 2 3 87
1 5 0 46
7 5 3 49
7 7 1 58
21 21 2 114
9 5 0 40
5 15 0 108
24 20 0 123
12 7 2 56
5 11 3 81
12 9 2 52
21 21 3 85
24 1 2 33
1 17 1 50
4 22 3 42
25 10 2 14
13 7 0 41
3 2 2 -20
3 7 0 13
28 11 0 55
6 14 1 94
6 7 0 55
7 7 0 55
23 24 3 106
12 8 1 52
7 7 1 52
7 21 3 80
8 9 0 34
20 21 1 74
25 7 0 48
25 7 1 44
28 14 3 60
4 8 1 25
2 9 0 5
3 9 0 49
10 9 1 49
10 9 1 49
9 8 0 41
9 8 0 43
14 8 1 30
19 6 3 28
9 11 1 54
11 12 0 63
15 5 2 18
28 14 0 40
1 17 3 70
5 13 2 84
5 17 1 101
5 8 1 -7
4 6 2 -7
2 19 3 40
6 6 1 8
7 11 0 40
6 12 1 43
5 11 1 35
17 14 0 33
2 16 3 48
5 13 3 55
8 18 1 57
28 26 2 56
12 15 3 41
4 13 0 71
7 24 2 80
7 17 0 99
28 27 2 40
23 19 2 41
13 14 2 29
10 12 1 39
7 15 0 40
9 14 0 41
1 18 0 29
5 23 0 22
15 8 1 0
18 4 2 13
7 16 0 31
20 4 3 15
8 19 3 53
25 14 0 50
9 9 1 47
28 13 0 53
1 15 1 43
26 22 1 62
23 18 1 43
15 24 3 65
6 12 0 32
20 20 3 51
25 22 3 44
1 14 1 36
10 21 2 33
28 27 3 36
27 18 3 46
3 13 0 28
15 11 1 20
26 15 1 19
8 19 3 38
14 23 0 47
1 21 1 48
8 15 0 49
18 25 0 42
20 20 0 44
28 10 0 -5
20 19 1 41
11 16 0 33
17 6 2 15
9 23 2 35
24 19 1 36
13 13 3 32
27 11 2 -4
6 22 3 11
3 23 1 14
7 7 0 -14
27 23 2 38
1 21 1 45
15 24 1 74
2 22 1 27
20 19 1 38
8 19 0 31
16 4 1 2
24 21 1 54
28 13 1 15
25 25 3 54
22 25 2 34
15 17 1 18
9 18 1 32
28 28 3 22
3 24 0 13
5 13 1 11
11 12 1 15
1 19 3 34
16 6 2 13
2 17 1 23
16 6 2 -6
5 15 2 50
4 16 3 57
15 7 0 -15
23 6 1 11
9 1 3 22
17 6 0 -36
28 20 2 32
8 18 1 29
25 12 1 -13
22 19 1 13
28 28 2 17
13 12 2 22
1 17 3 30
8 18 3 46
10 23 3 26
17 19 3 58
5 20 3 52
4 12 1 41
4 23 2 20
26 2 3 16
25 21 2 30
5 27 2 6
6 26 1 29
21 24 3 29
9 2 1 -9
5 6 2 -25
19 3 1 4
26 20 3 42
24 27 3 44
10 1 3 34
10 23 3 26
8 19 0 37
6 28 3 50
25 11 3 18
28 7 0 4
12 16 0 13
23 14 0 7
20 14 1 2
16 27 0 35
18 3 3 8
0 12 0 23
6 21 1 29
7 23 0 16
11 11 2 22
23 1 2 34
5 15 0 32
10 23 3 35
16 2 3 5
28 13 1 17
9 1 3 22
25 4 3 26
26 1 1 15
13 15 0 9
25 3 0 30
23 26 3 52
22 4 0 13
0 15 0 24
14 3 2 -4
26 23 0 40
28 24 3 57
27 10 3 5
18 20 2 52
2 15 3 29
19 5 0 -14
4 26 3 26
11 26 0 35
28 5 0 18
3 8 3 10
3 7 2 16
10 21 2 44
8 6 0 -6
25 2 3 41
20 25 3 43
8 5 0 -4
6 17 1 26
28 23 1 46
1 25 0 40
11 15 1 68
4 8 2 24
6 1 3 37
6 27 2 16
6 1 3 37
25 7 2 47
2 14 1 -7
26 24 3 27
2 15 1 3
18 8 1 60
28 24 2 24
27 2 0 40
5 8 2 -32
25 15 1 -5
11 21 0 -33
12 24 0 74
0 7 1 25
2 2 0 17
1 2 1 6
27 3 0 46
7 0 2 -8
1 4 0 -40
3 3 2 -30
26 24 1 16
0 27 3 21
3 21 1 27
9 13 2 37
20 4 2 20
7 0 0 -17
23 28 2 -1
10 3 0 -27
22 20 1 79
3 6 3 57
8 14 0 108
25 1 0 100
0 4 3 -18
12 14 0 29
16 6 0 38
2 2 0 -8
11 6 3 29
26 2 3 71
9 2 3 51
21 4 1 33
24 10 0 33
25 3 0 19
12 16 0 -44
4 13 1 -51
2 6 3 30
14 18 3 115
23 1 2 116
5 5 0 42
26 28 3 45
1 2 0 -11
8 28 0 10
21 5 2 34
1 14 2 -18
16 5 0 12
2 27 3 0
20 5 0 22
28 21 3 6
12 13 3 -9
2 12 3 -54
25 8 0 -4
16 13 1 118
11 22 0 109
8 17 0 86
5 6 2 22
2 13 1 -23
27 23 0 2
28 8 2 23
1 13 0 -20
1 13 0 -16
27 4 3 51
7 1 0 6
23 1 1 8
7 2 1 27
0 6 3 -54
28 17 3 14
27 2 0 40
10 20 2 116
22 2 0 113
10 16 3 97
5 9 0 37
3 4 2 -32
11 12 1 15
25 23 2 10
7 7 0 14
26 24 2 -8
13 1 1 11
7 1 0 4
13 11 3 16
1 28 1 -2
1 16 1 -4
25 2 1 41
14 6 1 71
11 18 2 116
11 16 0 116
23 0 0 103
0 3 1 10
15 27 0 35
19 16 0 35
2 3 0 -29
25 14 0 37
13 11 1 22
25 20 3 2
0 13 0 -32
0 10 2 -58
23 11 0 28
28 27 0 14
26 23 1 -12
19 27 0 -8
8 28 3 96
0 13 1 53
26 28 3 117
19 24 1 51
5 16 2 17
13 20 1 17
11 13 0 23
16 22 3 26
16 22 0 30
10 0 3 8
3 14 2 -13
19 5 1 28
0 5 1 -42
22 13 1 8
7 27 2 -14
24 16 0 5
22 3 2 57
22 3 3 49
27 24 1 59
5 15 0 39
7 10 0 39
15 17 1 29
22 1 0 27
25 1 3 55
11 24 1 28
21 16 3 37
11 14 2 23
16 13 1 22
15 14 2 27
1 28 0 -19
13 12 2 10
28 3 3 41
15 20 0 52
11 19 2 47
12 24 0 52
8 16 2 38
0 9 0 -30
10 14 1 34
13 27 2 32
23 28 3 60
2 6 2 -33
2 7 1 -37
26 0 2 55
1 11 2 -42
10 27 2 2
27 4 1 36
18 26 2 4
24 8 0 5
8 25 1 40
10 14 2 52
1 17 3 28
13 17 1 38
8 14 0 39
13 19 1 39
21 20 2 41
13 18 3 31
15 18 2 34
23 28 0 50
16 21 2 31
8 20 2 8
6 17 3 12
5 26 0 -10
16 0 1 24
26 25 2 4
21 21 1 51
17 18 3 53
16 19 1 44
8 13 0 40
2 24 0 28
4 19 0 30
8 21 1 24
12 24 0 33
2 8 2 -27
13 21 0 14
17 18 3 33
8 14 0 22
12 14 1 27
6 4 3 21
5 8 2 16
2 4 1 -35
23 6 3 57
2 3 3 -11
25 27 0 60
12 12 2 45
26 6 2 59
11 12 2 41
7 15 2 19
2 6 3 -38
7 16 0 18
0 7 0 -40
14 19 2 18
22 27 3 54
5 14 2 17
1 13 1 23
3 2 2 -3
10 15 2 20
26 3 0 83
6 27 1 37
0 2 1 0
28 4 3 77
8 28 2 26
0 22 0 18
12 12 0 27
10 22 3 23
9 15 2 28
8 9 3 24
19 24 0 25
21 25 0 45
6 8 1 -24
19 3 0 13
0 28 3 -17
1 20 0 2
14 20 1 75
26 28 3 75
7 26 2 47
8 26 0 37
7 27 0 27
7 27 1 28
1 25 1 21
0 3 1 -19
8 11 3 28
8 15 0 19
28 24 1 25
22 27 0 18
11 13 0 -4
25 27 0 25
20 5 2 31
19 5 0 29
22 2 1 62
22 0 2 73
3 16 1 50
8 28 2 50
22 7 3 71
17 16 1 52
8 18 1 23
15 28 3 32
1 27 0 0
2 5 3 -32
15 27 2 23
11 20 0 -7
11 25 0 -15
28 24 3 -3
7 27 1 8
3 1 0 -19
9 0 2 4
10 0 1 7
26 15 2 -14
5 0 0 23
10 4 1 18
1 18 2 20
18 17 3 39
5 28 2 24
18 16 3 13
13 19 1 7
14 20 2 35
28 19 0 5
28 22 0 6
28 13 0 -6
7 2 0 41
26 2 0 50
11 0 1 -3
15 13 0 -9
3 1 2 14
4 1 0 23
8 15 3 11
4 0 1 18
9 0 0 33
18 23 3 23
2 16 1 23
5 18 2 22
22 15 0 15
1 13 0 8
10 20 0 -20
19 22 2 -7
11 17 1 16
23 24 3 12
8 20 1 -31
3 8 3 -14
3 3 0 13
17 12 3 -10
7 1 0 5
12 12 2 2
9 4 2 28
26 24 2 16
18 22 2 -8
19 26 0 -4
5 3 0 34
5 2 2 36
2 25 1 -5
22 12 3 19
18 17 0 31
16 19 0 33
21 15 1 -36
19 13 1 -35
15 24 1 -42
5 8 0 4
14 5 2 -6
12 12 2 -3
14 5 2 28
5 22 0 9
27 1 3 11
21 28 0 -3
17 14 1 -5
21 5 0 27
22 28 3 5
11 12 0 12
14 24 1 -5
4 26 1 17
1 11 3 3
0 7 1 26
7 27 3 17
20 7 0 13
8 9 2 5
25 20 0 -3
7 23 2 -3
5 26 0 6
14 23 3 -26
22 6 1 15
10 0 2 4
8 15 3 -3
21 28 1 -23
28 8 3 7
19 21 1 -9
11 15 0 11
2 15 3 76
0 18 1 73
4 22 2 16
4 25 3 16
0 4 3 36
4 17 2 25
13 9 1 31
15 16 2 17
25 24 0 -16
12 18 1 -20
14 18 1 20
14 25 3 6
26 12 0 -2
0 9 3 -12
18 21 0 11
16 0 2 17
12 18 3 -5
0 6 3 49
3 18 2 3
1 18 2 35
0 18 3 21
21 21 0 10
25 24 0 26
21 27 1 2
7 15 0 30
21 23 0 14
26 11 1 24
16 2 3 28
8 0 3 41
20 14 2 21
4 6 1 58
24 11 1 34
2 10 3 14
0 7 1 26
3 18 0 -2
17 1 0 11
2 5 2 39
17 15 0 7
26 26 1 28
25 13 1 1
1 5 0 56
3 3 3 58
21 10 1 46
3 17 2 59
21 28 0 23
8 26 2 18
22 19 3 28
10 0 2 50
2 6 3 19
17 20 2 27
2 25 1 30
7 21 2 9
23 19 3 -11
8 15 0 36
15 4 2 57
16 15 1 17
17 16 3 14
0 19 2 29
19 12 3 39
2 6 2 42
0 12 2 42
10 10 3 43
23 20 2 29
19 22 0 34
20 15 1 -11
17 28 0 -7
22 24 2 15
24 10 1 13
24 7 1 31
10 14 2 23
18 22 2 27
20 0 2 5
2 10 1 9
23 11 1 18
22 12 1 27
16 16 3 25
28 9 0 35
3 9 1 31
19 27 3 40
5 1 0 48
26 14 0 -15
1 19 0 20
0 8 1 60
20 14 0 13
2 5 2 50
5 23 3 34
4 6 1 107
1 11 2 45
4 8 0 -28
0 19 0 5
3 7 0 52
18 15 2 29
22 17 3 25
1 10 3 42
7 22 3 44
3 6 0 40
5 18 1 27
0 24 0 58
1 15 1 79
5 21 0 28
7 20 0 21
3 7 0 73
20 16 1 71
9 24 3 46
15 21 0 48
14 17 1 61
3 9 2 48
20 15 1 34
14 11 3 42
19 28 1 24
11 15 3 48
15 23 0 -3
15 23 3 21
3 6 2 100
12 24 0 61
5 24 0 12
7 23 0 32
9 24 0 31
1 1 1 65
22 9 2 93
1 14 3 35
4 21 1 21
8 15 3 48
21 11 2 15
19 27 0 18
12 11 1 45
10 12 3 6
8 5 1 44
2 17 2 58
24 10 2 45
20 18 3 55
11 24 1 -5
10 18 2 31
7 22 3 53
8 24 1 26
15 25 3 39
3 15 0 48
25 22 3 28
1 16 2 47
20 22 2 19
20 26 1 14
5 22 3 36
16 23 3 7
3 10 0 29
3 19 2 23
6 17 3 46
24 16 0 30
9 1 3 13
3 24 3 0
5 1 3 47
23 23 1 28
19 24 3 19
21 11 0 36
23 5 2 49
20 14 0 37
21 27 0 24
6 2 2 40
10 19 2 5
12 21 1 -9
21 5 3 40
0 13 0 29
12 28 2 27
11 3 1 30
18 21 1 -5
28 6 0 32
6 13 2 42
18 2 3 43
12 8 0 60
9 23 0 25
0 5 0 77
9 16 1 36
4 1 2 46
0 3 2 62
8 16 3 28
10 20 2 -23
21 27 0 26
