128 32 64 4
0 0 0 64
0 0 0 64
0 0 0 64
0 0 0 64
0 0 0 64
0 0 0 64
0 0 0 64
0 0 0 64
0 0 0 64
0 0 0 64
0 0 0 64
0 0 0 64
0 0 0 64
0 0 0 64
0 0 0 64
0 0 0 64
0 0 0 64
0 0 0 64
0 0 0 64
0 0 0 64
0 0 0 64
0 0 0 64
0 0 0 64
0 0 0 64
0 0 0 64
0 0 0 64
0 0 0 64
0 0 0 64
0 0 0 64
0 0 0 64
0 0 0 64
0 0 0 64
0 0 0 64
0 0 0 64
0 0 0 64
0 0 0 64
0 0 0 64
0 0 0 64
0 0 0 64
0 0 0 64
0 0 0 64
0 0 0 64
0 0 0 64
0 0 0 64
0 0 0 64
0 0 0 64
0 0 0 64
0 0 0 64
0 0 0 64
0 0 0 64
0 0 0 64
0 0 0 64
0 0 0 64
0 0 0 64
0 0 0 64
0 0 0 64
0 0 0 64
0 0 0 64
0 0 0 64
0 0 0 64
0 0 0 64
0 0 0 64
0 0 0 64
0 0 0 64
0 0 0 64
0 0 0 64
0 0 0 64
0 0 0 64
0 0 0 64
0 0 0 64
0 0 0 64
0 0 0 64
0 0 0 64
0 0 0 64
0 0 0 64
0 0 0 64
0 0 0 64
0 0 0 64
0 0 0 64
0 0 0 64
0 0 0 64
0 0 0 64
0 0 0 64
0 0 0 64
0 0 0 64
0 0 0 64
0 0 0 64
0 0 0 64
0 0 0 64
0 0 0 64
0 0 0 64
0 0 0 64
0 0 0 64
0 0 0 64
0 0 0 64
0 0 0 64
0 0 0 64
0 0 0 64
0 0 0 64
0 0 0 64
0 0 0 64
0 0 0 64
0 0 0 64
0 0 0 64
0 0 0 64
0 0 0 64
0 0 0 64
0 0 0 64
0 0 0 64
0 0 0 64
0 0 0 64
0 0 0 64
0 0 0 64
0 0 0 64
0 0 0 64
0 0 0 64
0 0 0 64
0 0 0 64
0 0 0 64
0 0 0 64
0 0 0 64
0 0 0 64
0 0 0 64
0 0 0 64
0 0 0 64
0 0 0 64
0 0 0 64
12 12 0 54
0 0 0 64
0 0 0 64
0 0 0 64
0 0 0 64
0 0 0 64
0 0 0 64
0 0 0 64
0 0 0 64
0 0 0 64
0 0 0 64
0 0 0 64
0 0 0 64
0 0 0 64
0 0 0 64
0 0 0 64
0 0 0 64
0 0 0 64
0 0 0 64
0 0 0 64
0 0 0 64
0 0 0 64
0 0 0 64
0 0 0 64
0 0 0 64
0 0 0 64
0 0 0 64
0 0 0 64
0 0 0 64
0 0 0 64
0 0 0 64
0 0 0 64
0 0 0 64
0 0 0 64
0 0 0 64
0 0 0 64
0 0 0 64
0 0 0 64
0 0 0 64
0 0 0 64
0 0 0 64
0 0 0 64
0 0 0 64
0 0 0 64
0 0 0 64
0 0 0 64
0 0 0 64
0 0 0 64
0 0 0 64
0 0 0 64
0 0 0 64
0 0 0 64
0 0 0 64
0 0 0 64
0 0 0 64
0 0 0 64
0 0 0 64
1 12 0 36
2 12 1 22
2 12 0 22
2 12 0 22
2 12 1 26
7 12 0 62
11 12 0 64
0 0 0 64
0 0 0 64
0 0 0 64
0 0 0 64
0 0 0 64
0 0 0 64
0 0 0 64
0 0 0 64
0 0 0 64
0 0 0 64
0 0 0 64
0 0 0 64
0 0 0 64
0 0 0 64
0 0 0 64
0 0 0 64
0 0 0 64
0 0 0 64
0 0 0 64
0 0 0 64
0 0 0 64
0 0 0 64
0 0 0 64
0 0 0 64
0 0 0 64
0 0 0 64
0 0 0 64
0 0 0 64
0 0 0 64
0 0 0 64
0 0 0 64
0 0 0 64
0 0 0 64
0 0 0 64
0 0 0 64
0 0 0 64
0 0 0 64
0 0 0 64
0 0 0 64
0 0 0 64
0 0 0 64
0 0 0 64
0 0 0 64
0 0 0 64
0 0 0 64
0 0 0 64
0 0 0 64
0 0 0 64
0 0 0 64
0 0 0 64
0 0 0 64
0 0 0 64
0 0 0 64
0 0 0 64
0 0 0 64
0 0 0 64
0 0 0 64
0 0 0 64
0 0 0 64
0 0 0 64
0 0 0 64
0 0 0 64
0 0 0 64
0 0 0 64
0 0 0 64
0 0 0 64
0 0 0 64
0 0 0 64
0 0 0 64
0 0 0 64
0 0 0 64
0 0 0 64
0 0 0 64
0 0 0 64
0 0 0 64
0 0 0 64
0 0 0 64
0 0 0 64
0 0 0 64
0 0 0 64
0 0 0 64
0 0 0 64
0 0 0 64
0 0 0 64
0 0 0 64
0 0 0 64
0 0 0 64
0 0 0 64
0 0 0 64
0 0 0 64
0 0 0 64
0 0 0 64
0 0 0 64
0 0 0 64
0 0 0 64
0 0 0 64
0 0 0 64
0 0 0 64
0 0 0 64
0 0 0 64
0 0 0 64
0 0 0 64
0 0 0 64
0 0 0 64
12 7 0 64
0 0 0 64
0 0 0 64
0 0 0 64
0 0 0 64
0 0 0 64
0 0 0 64
0 0 0 64
12 11 0 44
0 0 0 64
0 0 0 64
0 0 0 64
0 0 0 64
0 0 0 64
0 0 0 64
10 12 0 60
11 7 0 -109
0 0 0 64
0 0 0 64
0 0 0 64
0 0 0 64
0 0 0 64
0 0 0 64
12 11 0 24
0 0 0 -112
0 0 0 64
0 0 0 64
0 0 0 64
0 0 0 64
2 1 0 64
5 1 0 49
9 0 0 20
7 9 3 17
0 0 0 64
0 0 0 64
1 1 0 64
5 1 0 50
8 1 0 18
0 0 0 -112
0 0 0 -112
0 0 0 -112
0 0 0 64
1 2 0 63
3 3 0 23
9 7 3 20
0 0 0 -112
0 0 0 -112
0 0 0 -112
0 0 0 -112
0 3 0 63
4 3 0 26
0 0 0 -112
0 0 0 -112
0 0 0 -112
0 0 0 -112
0 0 0 -112
0 0 0 -112
0 6 0 14
0 0 0 -112
0 0 0 -112
0 0 0 -112
0 0 0 -112
0 0 0 -112
0 0 0 -112
10 7 0 16
0 0 0 -112
0 0 0 -112
0 0 0 -112
0 0 0 -112
0 0 0 -112
5 11 0 16
6 1 3 26
12 10 0 56
0 0 0 -112
0 0 0 -112
0 0 0 -112
2 0 0 -112
4 3 3 14
4 0 3 25
0 0 0 28
0 0 0 28
0 0 0 -112
0 0 0 -112
0 0 0 -112
0 6 3 18
10 12 0 55
0 0 0 28
0 0 0 28
0 0 0 28
8 10 1 -85
1 0 0 20
1 0 0 20
1 0 0 20
1 0 0 20
11 11 0 -85
12 0 0 16
10 8 3 48
1 0 0 20
1 0 0 20
1 0 0 20
1 0 0 20
1 0 0 20
1 0 0 20
1 0 0 20
1 0 0 20
1 0 0 20
1 0 0 20
1 0 0 20
1 0 0 20
1 0 0 20
1 0 0 20
1 0 0 20
1 0 0 20
1 0 0 20
1 0 0 20
1 0 0 20
1 0 0 20
1 0 0 20
1 0 0 20
1 0 0 20
1 0 0 20
10 7 1 22
7 7 1 27
3 7 0 26
3 7 0 26
8 7 0 26
11 7 0 17
9 10 3 -85
1 0 0 20
0 10 0 55
1 10 0 55
1 0 0 160
1 0 0 160
0 10 1 55
9 10 0 56
10 9 0 51
11 8 0 18
1 0 0 160
1 0 0 160
1 0 0 160
1 0 0 160
1 0 0 160
1 0 0 160
1 0 0 160
0 10 1 55
1 0 0 160
1 0 0 160
1 0 0 160
1 0 0 160
1 0 0 160
1 0 0 160
1 0 0 160
1 0 0 160
4 1 0 54
6 0 0 64
6 0 0 64
6 0 0 64
6 0 0 64
6 0 0 64
6 0 0 64
6 0 0 64
2 4 0 19
1 1 0 26
3 0 0 62
6 0 0 64
6 0 0 64
6 0 0 64
6 0 0 64
6 0 0 64
6 0 0 -112
6 0 0 -112
2 3 0 18
3 1 0 53
6 0 0 64
6 0 0 64
6 0 0 64
6 0 0 64
6 0 0 -112
6 0 0 -112
6 0 0 -112
0 9 3 18
9 7 0 54
6 0 0 64
6 0 0 64
6 0 0 64
6 0 0 -112
6 0 0 -112
6 0 0 -112
6 0 0 -112
0 9 3 18
11 9 0 57
6 0 0 64
6 0 0 64
1 4 3 19
6 0 0 -112
6 0 0 -112
6 0 0 -112
6 0 0 -112
7 7 0 17
12 9 0 63
6 0 0 64
4 2 3 21
5 6 3 16
6 0 0 -112
6 0 0 -112
6 0 0 -112
6 0 0 -112
11 11 0 36
6 0 0 64
6 0 0 28
5 2 3 28
7 8 3 19
6 0 0 -112
6 0 0 -112
6 0 0 -112
7 8 0 17
11 8 0 63
0 0 0 64
0 0 0 64
0 0 0 64
0 0 0 64
0 0 0 64
8 0 0 64
11 2 0 19
0 0 0 -112
0 0 0 64
0 0 0 64
0 0 0 64
0 0 0 64
0 0 0 64
9 0 0 37
0 0 0 -112
0 0 0 -112
0 0 0 64
0 0 0 64
0 0 0 64
0 0 0 64
0 0 0 64
10 0 0 26
0 0 0 -112
0 0 0 -112
0 0 0 64
0 0 0 64
0 0 0 64
0 0 0 64
0 0 0 64
10 3 0 23
0 0 0 -112
0 0 0 -112
0 0 0 64
0 0 0 64
0 0 0 64
0 0 0 64
0 0 0 64
10 2 0 12
0 0 0 -112
0 0 0 -112
0 0 0 64
0 0 0 64
0 0 0 64
0 0 0 64
0 0 0 64
10 2 0 12
0 0 0 -112
0 0 0 -112
0 0 0 64
0 0 0 64
0 0 0 64
0 0 0 64
0 0 0 64
10 2 2 12
0 0 0 -112
0 0 0 -112
0 0 0 64
0 0 0 64
0 0 0 64
0 0 0 64
0 0 0 64
10 1 2 26
0 0 0 -112
0 0 0 -112
7 0 0 -85
7 0 0 -85
2 0 0 17
4 2 0 55
7 0 0 55
7 0 0 55
7 0 0 55
7 0 0 55
7 0 0 -85
0 1 0 16
3 2 0 52
7 0 0 55
7 0 0 55
7 0 0 55
7 0 0 55
7 0 0 55
7 0 0 -85
1 3 0 22
2 10 0 55
7 0 0 55
7 0 0 55
7 0 0 55
7 0 0 55
7 0 0 55
2 8 3 -85
1 6 0 49
7 0 0 55
7 0 0 55
7 0 0 55
7 0 0 55
7 0 0 55
7 0 0 55
11 8 2 -83
2 7 0 53
7 0 0 55
7 0 0 55
7 0 0 55
7 0 0 55
7 0 0 55
7 0 0 55
0 4 0 9
2 10 0 56
7 0 0 55
7 0 0 55
7 0 0 55
7 0 0 55
4 3 3 55
12 10 0 42
0 4 0 9
2 10 0 56
7 0 0 55
7 0 0 55
7 0 0 55
7 0 0 55
11 11 0 49
0 0 3 113
0 4 0 9
2 10 0 56
7 0 0 55
7 0 0 55
7 0 0 55
0 0 0 160
12 12 0 41
7 0 0 8
0 0 0 55
0 0 0 55
0 0 0 55
0 0 0 55
0 0 0 55
0 0 0 55
0 0 0 55
0 0 0 55
0 0 0 55
0 0 0 55
0 0 0 55
0 0 0 55
0 0 0 55
0 0 0 55
0 0 0 55
0 0 0 55
0 0 0 55
0 0 0 55
0 0 0 55
0 0 0 55
0 0 0 55
0 0 0 55
0 0 0 55
0 0 0 55
0 0 0 55
2 4 0 55
4 4 0 55
4 4 0 55
0 0 0 55
0 0 0 55
0 0 0 55
0 0 0 55
8 7 1 53
5 7 1 42
4 7 0 37
4 7 0 38
1 7 1 46
10 7 0 53
0 0 0 55
0 0 0 55
12 7 2 8
0 0 0 8
0 0 0 8
0 0 0 8
0 0 0 8
9 10 0 42
11 9 0 53
0 0 0 55
0 0 0 8
0 0 0 8
0 0 0 8
0 0 0 8
0 0 0 8
0 0 0 8
9 10 0 42
12 9 0 56
0 0 0 8
0 0 0 8
0 0 0 8
0 0 0 8
0 0 0 8
0 0 0 8
0 0 0 8
12 11 0 47
0 0 0 55
0 0 0 55
4 1 0 51
12 2 3 16
0 0 0 -85
0 0 0 -85
0 0 0 -85
6 4 3 49
0 0 0 55
0 0 0 55
5 9 0 55
5 1 0 33
0 0 0 -85
0 0 0 -85
0 0 0 -85
12 0 0 18
0 0 0 55
0 0 0 55
0 0 0 55
3 1 0 54
7 1 0 17
0 0 0 -85
0 0 0 -85
0 0 0 -85
0 0 0 55
0 0 0 55
0 0 0 55
5 9 0 55
7 5 0 22
0 0 0 -85
0 0 0 -85
0 0 0 -85
0 0 0 55
0 0 0 55
0 0 0 55
0 0 0 55
7 8 0 40
0 0 0 -85
0 0 0 -85
0 0 0 -85
0 0 0 55
0 0 0 55
0 0 0 55
0 0 0 55
6 6 0 51
10 10 0 19
0 0 0 -85
0 0 0 -85
0 0 0 55
0 0 0 55
0 0 0 55
0 0 0 55
6 6 0 51
10 10 0 19
0 0 0 -85
0 0 0 -85
0 0 0 55
0 0 0 55
0 0 0 55
0 0 0 55
6 6 0 52
10 10 0 19
0 0 0 -85
0 0 0 -85
0 0 0 64
0 0 0 64
0 0 0 64
0 0 0 64
0 0 0 64
10 2 0 35
0 0 0 -112
0 0 0 -112
0 0 0 64
0 0 0 64
0 0 0 64
0 0 0 64
0 0 0 64
8 0 0 48
9 6 3 -112
0 0 0 -112
0 0 0 64
0 0 0 64
0 0 0 64
0 0 0 64
0 0 0 64
7 0 0 64
12 4 0 18
0 0 0 -112
0 0 0 64
0 0 0 64
0 0 0 64
0 0 0 64
0 0 0 64
0 0 0 64
9 1 0 46
12 0 0 20
0 0 0 64
0 0 0 64
0 0 0 64
0 0 0 64
0 0 0 64
0 0 0 64
11 9 0 63
12 4 0 28
0 0 0 64
0 0 0 64
0 0 0 64
0 0 0 64
0 0 0 64
0 0 0 64
0 0 0 64
11 7 0 59
0 0 0 64
0 0 0 64
0 0 0 64
0 0 0 64
0 0 0 64
0 0 0 64
0 0 0 64
0 0 0 64
0 0 0 64
0 0 0 64
0 0 0 64
0 0 0 64
0 0 0 64
0 0 0 64
0 0 0 64
0 0 0 64
1 7 0 19
3 2 0 54
4 0 0 55
4 0 0 55
4 0 0 55
9 3 2 57
12 0 0 42
4 0 0 8
10 7 0 -85
2 2 0 43
4 0 0 55
4 0 0 55
4 0 0 55
9 2 2 59
12 0 0 42
4 0 0 8
4 0 0 -85
1 3 0 27
3 0 0 55
4 0 0 55
4 0 0 55
9 6 0 55
12 3 0 43
4 0 0 8
4 0 0 -85
0 5 0 16
3 4 0 57
4 0 0 55
4 0 0 55
4 0 0 55
11 5 0 47
9 7 3 8
4 0 0 -85
4 0 0 -85
2 6 0 23
10 10 0 55
4 0 0 55
4 0 0 55
10 10 3 55
12 5 0 45
1 6 3 19
4 0 0 -85
12 11 3 -85
0 11 3 28
4 3 0 55
4 0 0 55
4 0 0 55
9 6 0 55
0 12 0 62
2 8 3 17
4 0 0 -85
9 6 0 -85
1 12 3 11
9 10 0 56
4 0 0 55
4 0 0 55
4 0 0 91
0 12 0 63
0 4 3 21
4 0 0 -85
4 0 0 -85
5 11 0 21
10 12 0 31
11 11 0 55
0 0 0 43
0 0 0 43
0 0 0 43
0 0 0 43
0 0 0 43
0 0 0 43
0 0 0 43
12 3 2 47
0 0 0 43
0 0 0 43
0 0 0 43
0 0 0 43
0 0 0 43
0 0 0 43
0 0 0 43
12 3 2 47
0 0 0 43
0 0 0 43
0 0 0 43
0 0 0 43
0 0 0 43
0 0 0 43
0 0 0 43
12 5 0 47
0 0 0 43
0 0 0 43
0 0 0 43
0 0 0 43
0 0 0 43
0 0 0 43
9 6 0 42
12 7 0 54
1 7 0 43
0 0 0 43
0 0 0 43
0 0 0 43
0 0 0 43
11 2 0 43
11 7 0 50
12 10 3 55
8 9 1 49
0 8 0 43
3 8 0 43
2 8 1 43
6 9 0 43
8 10 0 51
12 10 3 55
0 0 0 90
0 0 0 90
11 11 2 55
3 12 0 54
5 12 0 54
3 8 2 90
0 0 0 90
0 0 0 90
3 8 1 90
0 0 0 90
0 0 0 90
0 0 0 90
0 0 0 90
0 0 0 90
0 0 0 90
12 12 0 56
0 9 2 -11
0 0 0 55
0 0 0 55
0 0 0 55
0 0 0 55
6 1 0 34
9 3 0 20
0 0 0 -85
3 11 3 18
0 0 0 55
0 0 0 55
0 0 0 55
4 1 0 55
12 3 3 20
0 0 0 -85
0 0 0 -85
12 3 0 41
0 0 0 55
0 0 0 55
0 0 0 55
4 3 0 55
8 2 0 14
0 0 0 -85
0 8 0 -84
12 6 0 52
0 0 0 55
0 0 0 55
4 1 0 55
12 4 3 24
11 11 0 -112
0 0 0 -85
11 4 0 30
9 3 0 196
0 0 0 55
0 0 0 55
11 8 3 29
6 7 0 17
0 0 0 -85
3 11 3 19
12 6 0 62
0 0 0 91
0 0 0 55
11 9 3 27
8 8 3 18
0 0 0 -85
9 3 3 20
9 9 0 43
0 0 0 91
0 0 0 91
8 12 3 18
7 9 3 18
0 0 0 -85
0 0 0 -85
6 12 0 32
11 10 0 64
0 0 0 91
0 0 0 91
4 10 0 16
0 0 0 -85
9 3 3 20
6 12 0 31
11 10 0 63
0 0 0 91
0 0 0 91
0 0 0 91
