128 0 0 4
37 59 1 74
59 30 2 33
11 13 1 39
27 39 1 -19
14 42 2 -38
32 1 0 24
55 57 0 17
5 53 0 71
14 59 2 61
19 59 2 65
47 1 2 51
52 9 2 48
31 1 1 11
25 1 2 15
31 11 2 16
37 5 0 16
33 0 0 28
48 39 3 86
19 55 3 195
48 27 2 79
3 15 3 65
0 54 0 46
6 58 1 32
31 0 3 16
50 19 2 31
33 43 2 57
57 45 0 127
13 40 2 60
49 51 2 69
49 12 0 24
33 45 2 52
13 42 3 45
39 58 2 145
52 52 1 153
7 50 1 66
18 6 0 7
56 30 2 27
25 28 1 23
16 22 0 -65
60 40 0 19
41 19 3 1
58 46 3 16
20 2 2 12
23 13 2 9
18 29 0 -65
18 32 0 -63
20 27 3 -60
18 30 0 -59
19 55 1 59
27 60 3 55
47 26 2 76
1 56 0 -9
57 6 2 44
1 25 1 119
25 54 3 148
32 55 3 124
3 25 2 113
43 48 2 58
51 1 0 40
59 34 2 131
50 35 2 27
19 35 3 21
14 16 2 34
38 58 1 133
15 39 0 44
43 54 0 102
17 50 0 48
1 16 3 11
40 44 2 64
60 31 2 111
50 24 1 25
60 40 3 7
11 38 0 -60
33 7 3 3
33 7 2 2
44 60 0 42
11 12 1 21
8 59 0 -64
27 6 2 15
22 56 0 55
18 32 1 -60
32 5 2 17
1 58 0 -55
49 21 1 73
46 21 3 77
37 43 3 77
54 46 2 173
33 45 1 109
26 52 3 113
25 25 2 117
33 16 2 122
26 49 1 95
3 15 0 5
11 28 0 29
16 19 3 25
54 41 2 113
56 48 0 113
57 8 3 38
51 27 2 5
34 47 2 53
41 7 2 95
53 5 0 68
42 20 0 -18
35 16 1 5
26 0 1 4
14 52 3 -68
41 8 2 11
36 27 2 42
25 37 1 -42
45 42 0 -41
6 27 0 38
26 0 0 14
30 7 0 17
34 6 0 16
5 59 0 -61
31 2 0 15
39 5 0 18
8 50 2 56
40 57 0 156
59 46 1 139
11 54 3 62
57 37 0 124
34 43 1 69
53 5 0 13
20 46 1 0
32 14 3 93
50 4 2 19
9 50 2 39
40 43 0 57
51 4 2 26
33 32 0 19
42 23 3 88
7 7 0 19
8 23 3 -8
55 52 2 47
58 40 3 11
26 0 3 5
16 7 0 10
17 12 0 27
17 55 0 50
13 41 2 -56
12 8 2 22
19 29 0 -66
6 59 0 -62
13 31 2 -48
19 27 3 -57
5 28 0 46
19 26 2 -61
19 29 1 -62
19 5 2 26
32 6 2 113
57 37 2 128
14 39 2 57
3 33 0 143
60 26 0 16
40 9 3 -47
32 20 0 -36
8 55 0 40
29 54 0 68
1 30 3 125
47 46 2 29
34 43 1 47
55 9 2 24
27 60 2 18
32 2 2 -44
18 13 1 -43
48 39 0 -64
15 40 1 -63
12 44 3 -63
17 9 0 12
35 25 2 38
8 60 1 -69
11 45 2 -56
35 10 0 13
37 6 3 14
26 0 2 18
19 29 0 -59
37 7 3 19
34 7 0 19
34 8 1 16
19 27 1 -60
19 23 0 -60
43 9 0 24
0 9 0 54
25 29 3 61
30 25 3 48
41 52 2 56
22 60 0 17
45 29 2 31
13 60 0 21
57 47 3 121
13 24 0 41
29 26 0 86
53 4 0 8
17 4 3 -34
11 60 0 -124
52 5 3 22
15 46 2 -60
33 8 3 0
19 29 2 -76
23 2 1 5
17 12 0 26
50 44 0 71
15 29 1 -52
7 60 0 -64
23 53 0 54
21 5 2 17
15 41 1 -54
13 54 0 -54
33 11 0 16
11 35 0 -44
19 56 0 62
34 40 2 -37
23 0 2 24
20 20 2 -59
43 25 2 -7
45 32 2 -39
41 28 2 8
54 41 2 115
12 40 0 48
45 41 3 57
23 38 2 88
57 11 1 56
43 39 3 57
47 7 3 39
7 58 1 45
2 13 0 25
17 55 3 25
56 50 3 129
19 50 2 43
31 11 1 0
34 40 2 -58
33 23 2 -10
51 18 0 43
51 6 2 62
29 0 3 10
19 28 2 -65
12 37 0 -46
48 22 3 58
30 19 0 15
19 54 2 57
26 0 1 21
12 46 0 -47
40 13 1 82
56 9 0 77
51 35 0 69
18 12 1 4
19 32 2 -59
24 53 0 -3
50 14 0 10
54 41 0 113
24 53 2 148
53 13 1 53
27 11 3 123
37 53 1 108
25 30 3 100
25 1 3 130
23 38 1 71
2 16 0 12
51 24 0 30
16 25 3 14
16 54 2 34
6 11 0 49
24 17 2 69
29 35 1 31
5 51 0 86
16 16 0 64
53 4 2 54
37 22 0 10
14 7 3 25
27 21 3 38
5 25 1 37
12 41 2 -51
17 33 1 -57
22 49 2 63
41 27 2 94
0 51 3 73
17 55 0 71
44 6 0 -59
7 31 0 42
52 41 2 1
49 15 0 27
10 53 0 34
23 47 2 154
53 16 1 54
25 45 1 88
25 29 3 57
27 56 2 77
3 58 3 42
1 17 0 29
40 24 1 -45
50 35 1 18
9 46 2 36
10 9 1 103
16 49 3 22
42 48 0 45
3 59 1 21
48 34 1 33
49 21 2 144
25 57 3 160
8 29 1 42
22 50 2 59
36 30 0 67
30 18 0 16
19 54 2 52
36 9 3 14
23 53 0 54
35 40 1 -26
45 41 1 -29
45 40 1 -42
29 17 1 26
17 55 2 91
20 43 0 -2
23 48 2 64
17 24 2 22
24 50 0 157
24 48 1 147
22 20 2 40
8 6 3 66
23 4 2 96
28 58 3 100
52 11 2 13
18 48 0 11
49 48 1 27
59 4 1 26
45 41 0 32
24 52 0 101
12 22 0 42
58 40 0 112
57 51 3 147
34 39 0 55
24 56 1 158
52 34 0 58
21 47 0 62
18 38 1 90
29 18 0 19
32 19 0 13
7 60 2 -63
11 44 2 -47
14 40 2 -44
18 29 3 -57
14 10 3 24
16 54 3 71
17 55 0 77
52 42 0 0
23 47 0 44
40 38 0 36
37 54 1 125
41 4 1 83
3 3 3 68
9 6 0 67
51 14 0 30
53 58 0 -7
55 58 1 -40
23 0 0 -41
9 37 0 11
45 8 1 -1
26 29 3 1
45 51 2 28
3 31 2 117
12 46 2 37
51 2 2 41
44 6 2 39
26 0 1 119
8 34 1 42
13 51 2 -52
32 56 0 31
0 30 0 54
42 56 2 36
58 56 1 27
31 1 3 14
29 7 2 19
33 6 0 16
60 37 0 24
54 3 0 61
9 43 3 -43
55 52 0 0
40 56 0 11
50 21 0 18
1 22 2 86
9 1 1 70
11 27 0 94
20 59 0 58
54 6 2 117
24 58 0 0
33 2 2 -42
2 24 0 14
27 58 2 12
27 56 1 16
7 34 0 2
58 43 3 92
13 53 2 18
15 7 3 110
16 24 0 49
23 53 1 156
59 34 1 126
51 43 0 41
29 7 2 13
28 7 2 20
17 30 2 -48
27 34 0 -29
6 48 2 88
16 54 2 62
16 37 1 -57
60 51 3 36
51 58 0 36
59 42 1 25
25 17 0 16
51 45 0 -5
13 10 1 -33
17 52 3 21
32 45 2 89
24 41 3 96
26 43 1 129
1 44 2 188
49 49 2 101
54 45 1 86
23 44 1 27
34 14 3 -21
5 25 0 17
24 9 3 -17
8 28 0 7
16 38 2 30
18 3 1 94
47 43 0 39
56 38 2 126
11 43 3 54
57 35 3 130
8 29 3 24
14 29 2 -57
19 27 2 -61
28 39 0 -28
53 52 1 64
58 1 0 22
15 53 2 68
41 18 1 0
53 52 1 58
56 60 2 21
44 55 1 -20
5 10 3 14
47 25 0 24
31 1 3 -43
50 35 3 1
53 25 0 42
59 46 1 146
16 28 2 81
32 5 3 165
50 35 2 75
24 44 1 25
42 39 1 -66
6 60 2 -96
30 10 1 -17
24 2 3 -17
18 50 3 18
56 39 3 114
26 0 3 98
1 31 1 121
25 24 2 120
38 8 3 120
33 11 0 118
7 37 3 6
28 41 0 -50
40 59 1 37
40 6 2 -2
45 34 0 26
46 14 0 110
22 41 0 110
17 54 2 60
29 46 1 14
17 44 3 28
0 13 0 33
33 29 2 33
12 49 2 36
53 3 2 20
22 28 1 -1
44 41 0 41
45 41 0 55
56 26 0 44
28 40 0 108
52 7 0 57
22 46 1 41
12 29 0 -83
29 7 0 -18
30 4 3 -18
12 10 2 -11
51 24 0 29
55 41 1 117
38 8 1 98
14 31 0 39
19 54 0 160
15 6 1 130
16 49 0 50
30 0 2 -15
55 9 0 25
6 58 1 21
59 16 1 5
44 57 0 44
35 33 1 23
23 48 0 125
52 5 2 72
59 12 3 -31
51 16 0 17
43 27 2 49
7 57 2 38
42 37 0 40
35 56 2 147
4 16 1 3
35 55 1 49
55 28 0 17
56 29 0 30
56 29 1 35
33 1 1 4
45 7 3 -81
14 29 1 -78
17 3 0 -10
31 4 1 -15
36 7 2 -20
50 33 3 12
13 32 3 37
31 15 2 104
14 29 0 45
15 5 3 129
26 0 2 121
16 54 0 37
51 6 3 5
41 48 2 64
1 60 0 34
2 4 0 46
45 20 2 4
21 17 1 11
56 51 2 139
57 52 1 169
4 3 2 57
33 30 1 23
35 58 3 44
51 10 0 30
29 39 2 57
35 58 1 152
51 35 0 11
35 55 1 -8
32 56 1 0
29 42 0 -30
36 5 1 2
7 60 0 -69
0 35 0 16
33 6 0 -6
3 33 0 8
10 52 3 -73
17 35 0 -94
50 34 1 18
12 34 3 37
12 39 2 39
24 13 2 115
34 8 0 116
25 1 0 122
51 30 2 1
43 51 2 52
41 44 3 56
58 47 1 109
5 7 2 29
53 21 2 18
29 32 1 37
40 35 2 55
6 2 3 85
2 24 3 105
2 11 2 34
7 0 0 45
34 47 2 53
15 18 0 50
43 40 3 65
51 34 2 0
27 22 0 -41
55 33 0 3
24 13 2 0
5 28 3 32
13 50 2 -61
14 49 0 -83
58 34 2 -1
41 43 1 -52
32 17 1 -15
16 41 0 -92
18 44 3 47
57 45 1 109
12 40 0 40
32 14 2 116
36 9 2 117
18 36 0 41
22 29 3 -11
33 45 1 57
58 35 2 96
43 49 3 40
24 38 2 37
16 35 2 21
18 33 3 24
14 59 0 34
45 27 0 -5
36 43 3 35
11 46 0 38
34 40 2 46
35 40 3 47
56 52 0 155
10 54 3 75
51 35 0 7
15 10 0 -35
14 54 3 -73
7 60 0 -73
31 12 0 10
19 4 0 18
11 33 1 -76
60 8 3 -81
26 39 0 -66
0 45 1 9
21 1 2 -29
50 13 2 44
34 8 0 97
31 15 0 108
27 0 2 117
25 25 1 123
19 36 0 20
18 46 3 1
0 37 1 104
26 3 0 86
27 0 0 85
13 35 0 26
11 34 3 32
53 12 0 31
35 44 3 115
51 40 2 92
42 48 2 34
32 43 0 57
24 52 0 163
57 47 1 178
48 2 2 54
43 41 1 74
51 35 2 12
54 36 0 5
14 31 0 -72
59 34 0 16
12 54 0 -59
16 55 3 77
28 6 1 -9
55 51 3 16
18 16 0 -79
46 12 3 27
20 39 3 -17
10 54 2 30
25 0 0 102
11 43 0 41
30 7 3 110
32 42 1 53
22 24 0 -12
22 22 3 -23
11 55 0 15
48 46 1 26
34 8 1 80
58 46 0 98
9 51 0 30
33 40 0 49
35 40 0 55
3 1 2 56
15 26 2 -6
15 21 0 11
27 22 0 89
45 5 0 26
22 56 1 148
9 59 3 30
51 35 2 5
15 26 2 -80
15 36 0 -73
17 31 0 -65
23 53 2 51
35 27 2 40
41 46 3 -51
44 3 0 -108
20 7 3 -26
53 57 3 -36
52 35 1 21
35 52 3 71
13 32 0 36
27 0 2 108
60 51 0 123
39 49 1 67
9 34 3 -4
22 24 1 -32
29 42 1 20
32 56 0 49
27 41 0 29
15 60 3 -20
43 41 0 24
38 19 1 88
11 59 3 13
51 15 3 14
28 23 2 52
43 43 0 22
15 22 0 18
60 46 1 108
13 32 3 33
29 7 2 104
51 44 0 3
55 39 0 -3
13 36 0 -68
37 7 3 10
22 48 0 58
22 43 1 64
59 46 1 -9
30 39 1 -77
54 25 0 -90
44 36 2 -51
7 43 0 13
29 44 0 69
14 35 0 32
31 11 2 108
48 40 0 35
16 26 1 22
51 24 3 3
16 10 2 -26
30 46 0 20
31 39 2 -11
12 30 2 -22
16 45 1 -3
15 28 2 -3
44 52 0 39
15 38 3 14
37 44 0 28
50 4 2 -12
14 41 3 0
10 46 0 15
13 51 2 16
38 20 0 90
27 24 2 99
8 27 3 -13
23 38 0 -58
14 34 0 -69
13 28 2 -55
23 54 0 49
53 12 3 -57
13 12 1 -30
15 20 0 -101
14 5 3 -11
57 53 1 13
50 49 3 18
11 54 0 30
32 15 2 104
17 33 2 32
11 36 3 35
15 30 1 23
19 46 0 9
59 36 2 -36
53 26 0 -46
31 46 0 22
32 44 3 6
16 45 3 0
31 44 3 18
33 44 0 27
16 38 0 10
37 50 0 23
44 41 0 -4
45 40 0 -3
18 28 2 -4
32 14 2 80
14 31 0 25
5 27 3 128
7 32 3 -14
54 35 2 7
29 7 0 2
18 31 0 -72
14 40 1 -60
17 28 3 -69
43 4 2 -77
2 51 0 -38
14 10 1 -27
11 13 2 -25
50 41 3 19
16 43 1 33
12 42 0 39
34 41 2 54
46 42 2 49
15 30 1 29
18 52 0 0
32 11 3 -42
24 48 0 -3
18 23 2 -36
46 52 2 -6
32 44 0 6
11 54 3 -6
32 44 0 15
26 44 1 58
37 48 2 18
40 49 2 18
15 60 0 -26
44 47 0 22
30 36 2 24
17 30 2 20
16 36 0 26
24 18 2 -41
8 23 2 -15
41 55 0 -15
11 58 2 -73
59 46 0 8
60 52 3 9
55 27 3 -49
56 48 3 31
44 34 1 -73
39 60 0 2
16 51 3 18
11 54 0 28
27 0 0 105
32 14 1 107
18 26 0 33
16 50 0 35
19 52 0 0
38 8 1 -40
53 16 2 -109
33 44 0 -9
16 47 3 -15
38 47 2 8
47 6 3 -23
60 4 2 -15
29 39 0 17
37 50 0 17
50 0 2 -20
51 1 2 -4
38 20 3 79
33 6 1 85
11 54 2 32
11 27 3 36
3 27 0 -16
19 6 2 -19
3 26 2 -18
57 26 2 -114
34 43 2 -56
37 7 0 -9
54 28 3 36
1 51 0 30
42 39 3 -26
0 39 0 33
11 28 0 20
48 44 2 33
19 54 0 146
19 54 1 149
32 10 2 111
17 50 0 23
32 17 2 -40
58 35 0 -29
23 52 0 3
43 53 0 -18
10 54 0 -19
12 27 1 -25
18 24 2 -16
14 27 0 -10
47 5 2 -19
7 30 3 51
54 26 0 -36
55 26 0 -21
46 6 0 -4
1 35 1 103
18 25 2 18
16 52 0 17
30 9 2 -46
34 8 2 -47
58 41 0 -38
16 29 0 -76
12 39 3 -66
12 34 3 -74
42 58 2 154
41 39 3 48
25 52 3 67
5 51 0 14
27 44 2 55
12 28 3 26
12 42 0 41
15 5 1 120
35 9 0 112
17 54 0 13
38 8 1 -37
27 0 0 -33
31 16 0 -27
25 51 0 2
26 52 0 29
33 49 0 6
23 38 0 20
13 18 1 0
16 45 2 0
37 45 0 -14
45 48 2 -40
40 40 0 0
50 1 0 -2
31 15 2 82
44 7 1 16
49 53 0 0
7 2 0 -33
53 53 0 2
54 52 0 0
42 51 0 -54
30 4 0 -4
48 41 2 -65
24 39 0 113
52 16 3 39
36 55 0 45
21 43 0 29
41 51 0 34
26 49 0 68
12 42 2 42
26 38 1 61
20 30 0 42
23 3 2 -37
25 1 0 -33
35 8 2 -36
33 5 3 -33
25 55 0 4
42 53 0 -4
56 51 1 59
3 51 3 31
33 55 0 25
54 25 1 -36
40 53 1 -11
14 60 2 -89
56 27 0 -59
41 51 0 33
8 58 3 8
7 8 0 23
47 0 0 -44
51 18 2 19
54 55 0 57
53 59 3 27
53 54 0 2
58 54 0 9
44 50 0 -47
45 41 1 60
10 57 1 36
54 9 1 45
19 59 1 21
17 59 1 29
56 28 3 37
58 8 0 48
57 32 2 121
52 7 0 35
19 57 0 -2
22 57 0 0
22 56 1 -1
30 10 0 -38
3 30 2 -8
42 38 0 -76
1 52 2 -31
55 25 0 -81
40 18 1 14
35 57 0 15
38 10 3 -40
39 58 0 14
42 58 0 13
37 59 2 1
58 57 3 27
2 13 2 53
14 17 3 -33
26 56 0 79
0 51 3 100
7 58 2 89
25 44 0 141
9 26 1 89
41 55 3 18
1 15 1 34
23 10 0 126
28 7 1 125
32 4 1 116
37 7 1 117
34 6 1 119
32 5 0 120
6 59 0 44
3 59 1 43
9 59 0 47
2 59 1 48
22 60 0 29
22 59 0 18
26 59 0 8
16 2 2 -30
48 39 1 -106
40 39 0 -62
57 10 3 -83
38 24 3 -32
8 59 1 -119
28 7 2 -39
5 59 2 -120
38 8 2 -45
38 6 2 -44
13 14 0 -35
48 60 0 14
34 40 0 -47
56 60 0 18
18 57 3 45
56 59 0 19
58 59 0 18
12 13 0 24
1 15 3 27
23 56 0 165
22 55 1 166
13 40 3 54
33 6 3 120
58 40 0 129
34 14 1 123
45 40 2 73
11 58 1 74
48 60 3 153
27 30 3 81
19 60 3 58
25 39 0 96
18 60 0 53
15 55 2 44
21 57 0 25
1 60 0 -85
45 43 2 -42
6 28 1 41
12 55 3 -54
9 58 1 -63
7 58 1 -71
57 28 2 -50
53 54 0 34
16 2 2 17
29 3 3 8
7 28 0 35
30 0 3 0
4 59 1 -67
34 5 0 13
59 42 2 22
33 29 2 64
