256 0 0 4
82 85 3 -1
22 95 1 -31
120 93 0 37
104 11 0 -51
50 23 0 33
23 90 2 -31
61 10 0 35
41 54 1 -46
23 85 3 -31
28 44 3 -31
108 14 1 72
109 10 1 73
32 1 2 46
109 19 0 47
116 25 3 -13
39 80 1 69
36 56 2 64
23 111 2 85
91 12 3 74
41 121 0 66
89 110 1 102
7 112 0 77
109 95 2 128
52 61 0 64
12 19 0 33
53 119 2 48
62 50 3 4
53 70 3 -45
33 80 3 -55
59 0 0 15
0 0 2 2
8 93 0 57
68 64 0 66
113 54 2 56
3 21 3 93
124 106 0 167
36 120 0 73
12 98 3 195
67 6 2 149
123 47 2 49
10 46 1 49
112 4 3 64
78 54 1 122
93 24 2 114
15 116 1 36
24 1 3 22
62 1 3 13
6 56 1 40
24 42 2 -23
2 104 1 22
99 0 0 33
30 76 2 38
51 48 0 122
65 33 0 122
65 17 2 126
7 60 1 157
99 55 0 63
59 25 0 45
11 108 3 36
86 11 0 -13
70 113 0 60
81 80 2 62
109 83 0 132
5 73 1 136
116 61 3 26
116 61 2 32
104 43 2 53
18 5 0 40
21 5 0 37
28 34 2 -23
18 7 3 -33
122 3 1 -35
83 91 0 -6
32 119 2 -45
124 1 0 -42
9 25 3 69
98 53 3 58
117 118 0 24
4 54 0 76
81 10 2 57
94 110 0 82
49 121 2 58
93 117 1 54
35 1 1 37
37 118 3 61
109 97 1 133
67 1 1 16
56 122 2 47
40 46 2 -65
94 12 2 -74
38 67 1 -64
53 49 2 18
30 113 2 -57
22 80 0 -45
59 20 2 19
21 91 3 -45
44 3 1 24
68 3 0 36
118 46 3 58
119 103 0 173
124 97 0 176
1 106 2 89
63 117 1 153
98 109 0 77
108 40 2 -19
99 29 0 119
10 53 2 174
75 73 2 77
95 61 2 52
66 93 3 77
89 18 3 47
67 3 3 -6
8 3 1 3
60 93 2 60
0 21 2 50
3 124 2 31
124 110 0 128
34 10 2 128
24 91 0 58
31 13 3 139
30 108 1 55
113 1 0 32
70 76 2 -65
64 115 2 72
103 22 0 36
102 8 0 31
56 53 0 115
1 30 2 32
124 106 0 117
36 120 0 19
78 50 2 105
59 22 2 111
30 114 2 38
5 24 2 55
73 83 1 -54
123 114 1 21
123 114 0 24
84 51 1 7
85 96 3 -28
20 41 1 -47
58 85 0 -25
8 97 1 50
4 95 3 59
76 32 0 3
17 16 0 46
57 82 2 -46
5 120 0 -74
120 92 2 14
118 12 2 -50
48 118 3 49
108 103 1 52
106 5 2 -69
12 121 0 -65
48 10 3 17
36 8 2 22
36 69 0 -63
30 112 0 -57
16 118 0 -57
28 109 2 -52
72 20 1 16
59 17 0 22
17 117 0 -54
56 122 3 58
70 3 0 58
1 106 2 86
108 59 1 84
103 109 3 89
114 38 0 -43
3 24 1 11
10 32 1 116
6 116 3 63
7 14 0 101
70 77 3 42
95 59 0 51
39 121 0 47
2 106 0 66
109 97 0 118
116 50 2 -10
39 52 1 26
25 114 0 43
36 120 2 32
104 8 2 40
25 94 2 55
120 52 1 16
118 54 1 18
58 37 2 -20
41 76 3 20
72 99 3 45
66 100 3 60
2 71 0 119
111 53 1 14
1 91 1 137
92 85 2 53
38 120 0 33
93 73 1 46
90 74 0 45
68 79 3 53
39 88 2 66
51 35 3 -4
44 76 0 47
94 122 1 90
3 2 0 24
54 59 1 42
77 26 0 -8
37 110 2 39
39 38 2 -73
94 26 1 52
85 16 1 6
75 12 1 2
27 86 2 -63
28 94 1 -62
39 53 1 -70
0 31 2 -76
7 60 2 34
66 72 3 -54
14 72 1 37
107 2 0 -68
54 77 3 -39
89 16 0 -61
40 5 1 22
40 59 3 -61
39 57 1 -60
39 66 2 -60
25 119 3 -60
100 85 1 -45
89 14 1 -57
38 51 3 -59
69 6 0 16
70 4 0 29
51 60 3 37
3 37 3 7
82 30 2 -37
74 30 0 21
82 62 3 56
109 96 3 140
14 49 2 147
33 124 0 51
9 87 3 124
36 41 3 78
98 43 3 174
106 56 3 69
78 78 0 55
105 5 2 19
104 5 0 28
101 6 0 44
0 29 1 38
15 56 1 148
61 91 2 88
7 107 2 68
59 38 2 -34
112 4 3 15
99 82 3 31
124 5 1 24
105 5 2 10
112 123 0 92
110 25 0 15
120 75 0 121
70 8 0 117
14 92 3 154
40 35 0 65
6 52 2 133
41 74 0 33
48 61 0 14
123 48 1 -28
49 87 1 67
107 22 0 30
7 118 1 26
101 83 2 39
32 115 2 19
61 121 3 -3
89 39 0 -32
41 92 0 43
102 13 1 -75
32 69 2 -70
55 80 0 -44
27 61 3 -57
26 69 2 -59
41 50 3 -73
88 16 1 -69
43 54 3 -72
3 29 3 -68
25 106 1 -57
38 69 1 -65
55 4 2 13
25 120 3 -67
15 67 3 40
25 72 1 -45
68 25 3 18
42 60 2 -61
44 45 0 -58
88 16 0 -54
117 77 0 25
26 124 2 -62
96 22 3 -11
39 20 3 23
52 108 1 67
54 42 0 22
96 41 0 111
12 86 0 82
115 2 2 100
109 96 2 171
90 79 2 69
121 13 2 102
100 69 2 64
66 86 3 81
97 7 0 35
118 50 0 -7
67 83 2 53
36 56 0 46
28 60 1 62
58 76 1 67
124 92 0 124
7 30 0 33
42 76 0 -1
22 57 0 24
50 27 0 96
42 39 3 8
95 74 0 8
29 15 1 96
117 50 2 -5
76 18 3 112
8 74 2 134
70 74 2 44
110 116 1 44
107 61 1 108
8 10 0 -10
44 61 3 -1
91 83 2 27
50 44 2 101
30 14 3 111
4 46 3 153
43 27 0 104
111 7 0 17
124 73 0 -20
28 8 0 56
52 36 3 0
33 103 0 -69
36 66 1 -72
27 45 2 -48
28 94 0 -63
39 58 2 -72
0 30 1 -75
90 22 2 6
108 112 0 0
103 105 2 56
41 53 2 -66
51 3 0 16
92 84 2 -43
52 54 3 28
123 98 0 28
55 73 1 -40
19 119 2 -61
37 71 1 -59
41 57 1 -61
48 25 1 19
100 83 0 -50
23 121 3 -64
32 38 2 -46
82 24 3 20
42 35 1 -48
58 29 1 37
8 109 3 51
10 103 3 111
92 19 0 52
63 108 2 112
20 40 0 109
115 108 1 184
91 15 1 57
106 7 2 54
103 23 1 61
24 120 1 28
30 76 0 43
24 27 3 135
33 15 0 135
117 53 1 11
104 21 3 45
111 8 0 5
14 98 0 1
43 61 3 12
47 21 2 98
79 24 2 93
124 88 0 92
113 83 2 95
49 52 2 114
110 116 0 -6
32 119 3 27
34 120 3 26
4 21 0 45
7 34 0 34
12 6 0 14
31 57 0 16
108 85 0 120
16 123 3 22
41 11 0 106
49 89 1 146
7 33 0 66
111 11 0 8
32 114 3 8
99 31 1 45
26 75 1 -58
44 43 0 -71
14 120 0 -73
23 119 0 -73
24 121 2 -76
24 50 1 -48
41 10 0 16
9 32 3 107
44 63 0 60
24 123 2 -71
51 75 1 -41
124 7 2 -45
41 48 1 -55
124 91 0 24
14 68 0 37
8 58 0 40
41 56 0 -63
35 70 2 -62
32 106 1 -55
21 96 3 -44
19 120 1 -63
40 58 1 -63
23 27 2 26
25 119 3 -63
55 26 0 16
9 47 2 64
38 81 1 32
34 55 2 36
36 93 3 64
72 82 0 69
43 122 3 43
27 96 3 61
36 11 3 139
25 62 1 69
115 103 1 146
114 83 2 118
14 70 3 143
28 23 2 134
93 13 1 39
87 112 1 68
108 11 0 8
12 22 0 -1
103 95 3 2
29 68 0 25
48 5 3 95
23 96 0 29
109 5 2 18
124 12 0 27
30 46 0 43
5 101 1 75
72 120 1 118
2 12 0 35
5 13 0 19
10 2 1 -19
41 69 3 -2
115 103 0 109
108 6 0 21
74 34 2 83
100 61 1 60
11 20 0 57
108 13 0 0
45 13 3 -31
111 18 3 35
55 120 2 57
16 119 3 -69
13 118 1 -70
39 65 1 -75
38 54 1 -75
9 51 3 29
17 8 0 -46
34 26 0 35
56 24 1 110
13 26 3 45
24 71 3 -55
16 61 0 39
29 55 1 -48
50 87 3 -5
30 58 3 -49
26 88 2 -58
24 76 3 -51
24 119 3 -64
50 1 2 21
26 122 1 -62
61 7 3 19
122 50 1 -90
110 25 1 -60
53 73 2 -36
26 87 2 -52
23 82 0 -47
71 88 2 -37
109 13 1 57
97 108 1 45
6 66 3 137
3 71 1 138
49 115 1 157
6 66 3 145
51 46 0 131
78 49 0 130
22 107 3 64
31 94 1 50
24 120 0 42
2 30 3 42
45 51 0 42
6 35 0 13
53 21 3 -46
77 14 3 -46
113 15 0 1
19 102 0 38
26 87 1 25
20 40 0 33
24 103 2 33
6 65 0 121
32 44 2 37
35 94 1 27
91 16 2 17
12 122 1 22
31 115 2 29
22 45 2 11
20 124 0 -6
107 69 0 136
0 63 3 109
97 21 1 73
17 15 0 26
9 34 0 2
24 31 0 -33
1 41 2 -37
45 92 2 38
112 105 3 57
44 46 2 -68
61 7 0 4
57 78 3 -48
54 6 1 4
8 55 1 28
72 58 2 -30
117 35 3 55
105 14 0 47
62 48 1 -1
40 66 0 -67
70 85 2 -42
93 15 2 -67
0 87 2 37
10 60 0 37
29 120 0 -67
15 122 1 -64
28 76 0 -55
28 62 2 -48
97 16 3 -62
28 119 2 -57
24 72 0 -42
59 73 0 -33
40 68 1 -58
21 118 0 -60
56 81 2 -32
0 34 2 -68
53 76 1 -36
24 30 2 27
97 108 1 53
117 13 3 57
30 20 2 125
32 62 2 50
29 87 0 56
36 56 2 52
48 31 3 130
2 31 0 38
96 90 0 67
32 82 2 57
35 105 0 47
35 18 3 -34
36 66 2 -123
13 119 0 -120
112 13 0 1
110 6 1 14
68 29 2 90
66 99 0 59
22 112 0 31
105 5 1 22
106 25 2 38
102 7 2 16
44 44 3 20
23 102 0 38
47 27 3 108
71 60 3 9
35 48 2 11
21 5 1 104
21 10 0 66
108 12 0 29
106 101 1 2
16 20 0 0
21 18 0 21
70 8 2 0
71 77 0 -72
48 104 1 45
24 27 0 19
27 111 2 -67
30 110 1 -70
31 7 3 10
41 10 0 7
60 28 1 59
2 23 3 62
45 14 0 15
26 89 0 -62
66 18 2 8
25 73 1 -49
11 23 1 60
53 119 2 55
41 98 2 55
25 119 0 -64
64 5 3 14
0 30 1 -66
122 53 2 -94
49 19 0 21
28 109 2 -51
36 70 1 -57
36 67 1 -57
47 24 1 23
26 119 0 -60
8 65 2 43
0 33 2 -66
45 44 3 -58
21 86 0 -46
44 16 1 26
63 49 3 105
54 9 3 115
27 74 2 51
66 33 0 121
24 63 1 60
71 16 0 126
37 53 3 47
4 39 2 75
75 123 2 126
105 16 0 31
110 16 1 0
45 112 2 -6
33 3 3 -33
47 119 1 3
77 63 1 -12
105 4 0 13
20 97 1 28
76 89 1 45
59 48 1 90
35 51 0 35
37 92 3 31
63 12 0 93
91 14 0 21
32 56 3 38
115 0 3 58
84 46 0 80
93 53 3 104
7 34 0 11
17 50 0 -14
31 15 0 -36
37 103 3 1
107 31 3 -53
77 95 3 -7
27 124 3 -78
76 38 1 -1
29 104 2 -62
40 56 1 -72
28 49 1 -52
13 123 2 -77
46 34 1 8
9 112 3 91
46 69 3 58
32 67 1 -60
72 86 3 -45
27 87 0 -60
27 102 0 -56
54 2 2 16
27 105 0 -53
31 85 2 -55
31 82 1 -55
14 64 1 41
14 118 0 -56
6 120 0 -61
16 120 1 -57
40 55 0 -58
27 84 2 -47
27 60 0 -39
17 120 1 -55
27 86 1 -50
54 76 2 -32
56 51 3 18
27 87 2 -51
40 41 2 -55
54 27 3 17
21 0 0 19
31 113 1 33
3 67 3 128
73 42 2 119
95 18 0 45
97 19 0 46
107 110 2 63
48 58 0 58
86 9 0 -26
77 84 1 46
31 118 0 26
52 121 0 25
96 1 0 16
107 39 2 13
6 118 0 21
34 120 1 22
7 76 3 128
72 78 3 -12
91 107 0 46
65 80 0 46
60 105 0 65
53 79 3 39
42 113 0 138
100 0 3 25
7 21 0 2
112 118 0 -14
7 34 0 0
52 21 3 -43
24 75 3 -107
15 23 0 3
69 55 0 -19
107 51 1 -55
31 66 3 -67
30 66 3 -68
44 48 3 -76
28 120 3 -74
92 102 1 -47
53 79 2 -50
38 105 3 42
101 70 1 0
25 40 2 71
38 101 0 60
31 52 3 -42
26 109 0 -60
21 90 2 -54
91 111 2 -37
25 102 0 -53
44 40 3 -59
110 27 1 -65
84 100 0 -28
43 103 2 58
27 58 2 -42
27 101 1 -50
26 86 2 -47
27 68 3 -46
8 24 3 62
64 71 1 -40
75 23 1 18
34 14 3 31
23 82 3 -44
24 74 2 -45
36 65 0 -60
31 104 0 -52
93 11 0 -66
22 68 3 -41
24 32 2 26
28 35 2 53
94 20 0 39
109 111 2 33
58 62 3 -19
32 123 1 -36
78 124 1 63
103 40 2 39
107 21 0 32
12 74 3 132
54 9 0 109
110 21 0 38
49 86 3 75
32 43 2 38
120 55 2 10
77 107 3 120
10 121 0 29
82 112 3 109
124 95 1 113
35 55 0 11
83 89 0 52
1 106 2 25
5 22 0 23
40 100 0 1
78 119 0 0
36 7 3 -36
51 6 2 -41
14 24 0 0
15 27 0 48
96 77 0 -64
94 9 0 -82
11 63 1 27
25 123 2 -79
54 81 2 -49
76 39 1 -4
50 75 2 -48
122 53 0 -108
19 29 1 18
5 53 3 102
1 10 2 58
14 97 3 59
114 75 1 29
52 4 0 12
117 75 0 17
39 59 1 -64
74 22 2 13
38 82 1 -7
12 51 2 84
86 40 1 11
48 112 0 50
106 5 2 -61
23 80 2 -45
25 122 3 -61
27 119 1 -60
31 63 2 -50
38 68 2 -58
100 86 0 -42
10 119 1 -53
121 50 0 -90
37 67 3 -59
55 46 2 18
42 42 2 -56
28 87 0 -48
89 86 1 -30
29 86 2 -54
91 23 0 24
3 45 0 4
117 26 1 -90
107 37 0 -55
118 26 1 -40
117 55 2 -31
22 109 2 28
101 5 2 36
1 30 1 30
100 98 3 55
98 80 3 48
19 112 3 61
104 40 2 73
118 23 0 52
113 58 3 77
21 22 2 126
89 81 3 54
88 107 3 68
33 120 2 0
56 34 1 58
73 3 0 -22
86 41 3 -37
99 100 0 -102
3 29 1 -119
3 70 2 -21
60 26 1 -35
32 114 3 32
109 31 3 -4
78 83 2 -24
56 81 1 -46
98 96 3 -58
50 9 3 5
61 2 3 -1
70 15 2 -1
37 71 1 -75
14 20 3 46
10 13 0 32
44 88 2 136
86 32 2 133
19 57 1 52
117 51 1 -84
97 101 2 -50
74 23 0 11
62 4 2 12
75 41 2 14
73 84 0 -36
9 34 1 62
88 41 1 -14
29 66 2 -56
33 85 1 -52
27 112 0 -55
21 89 1 -44
70 85 2 -36
52 47 3 19
121 6 2 -34
89 89 2 -27
69 43 1 26
73 10 3 22
8 35 3 63
102 45 2 71
77 34 2 9
68 75 1 -44
74 9 2 17
106 74 1 62
23 118 0 -62
12 4 1 -31
8 111 1 -40
89 9 0 -80
101 25 2 -3
102 25 0 21
25 57 1 26
33 67 0 27
32 60 0 44
75 12 1 118
91 85 2 67
90 85 3 65
106 49 2 63
70 82 0 76
92 77 1 43
118 3 1 88
120 57 2 54
15 51 2 141
6 117 1 41
110 103 0 160
6 117 1 40
38 119 0 31
41 119 0 20
16 17 2 13
33 22 1 -25
34 113 3 11
48 87 2 87
68 99 1 67
19 58 1 28
13 118 1 -70
61 10 0 4
38 64 2 -77
65 23 0 -1
67 31 0 0
61 29 1 6
105 12 3 0
78 29 1 -11
72 61 0 47
52 95 3 128
36 107 2 67
29 42 1 -46
39 56 1 -66
35 72 2 -64
73 16 1 12
28 110 3 -54
28 102 1 -47
58 15 0 21
43 18 1 23
38 104 2 53
25 77 0 -50
40 57 0 -61
56 77 2 -31
105 7 1 -59
34 70 1 -58
30 60 0 -44
41 47 1 -56
55 34 0 60
109 10 2 89
14 46 2 72
120 59 2 63
103 111 1 89
120 84 3 20
22 48 0 50
121 124 1 18
94 10 2 -72
14 107 1 -29
0 23 2 -89
64 119 0 16
108 37 2 -58
105 37 2 1
45 49 3 14
35 89 3 43
97 105 1 54
109 52 2 48
48 82 3 100
113 83 1 132
112 32 1 36
76 84 2 87
70 113 1 88
97 28 0 147
102 8 0 96
98 36 3 162
16 123 1 45
121 93 3 129
65 5 2 119
21 100 1 58
6 111 0 48
103 114 1 26
9 110 2 -32
43 66 3 30
117 53 1 -2
124 13 3 21
13 28 1 24
4 31 1 -74
56 79 3 -48
64 11 1 -1
105 119 2 1
110 108 1 50
65 65 0 10
59 65 0 3
82 0 2 -2
80 29 2 11
110 28 3 44
87 43 1 33
10 27 0 58
28 59 3 -53
26 80 2 -53
55 18 0 15
30 112 2 -58
35 45 0 -50
60 118 3 59
32 43 3 -49
28 7 2 31
30 62 2 -54
55 77 0 -37
43 54 3 -59
35 72 2 -55
15 123 2 -59
37 114 2 61
49 49 3 33
20 71 0 86
6 92 3 192
79 29 0 47
5 40 0 114
22 8 0 98
42 86 2 62
40 20 3 20
96 25 1 69
3 40 3 -22
123 48 0 -89
19 54 1 -10
5 111 3 -82
100 31 0 9
122 0 0 5
92 19 2 15
94 105 0 48
79 95 0 94
103 22 0 95
48 68 1 94
36 46 1 49
60 31 1 120
41 17 1 80
113 99 3 139
4 110 3 48
103 17 1 88
112 18 3 96
28 60 1 66
101 13 1 49
64 29 3 122
62 92 2 82
51 106 1 94
10 112 0 33
11 111 0 -10
93 30 1 109
2 61 0 112
24 49 2 20
19 33 0 40
75 50 0 1
29 87 0 -67
16 22 0 54
83 13 3 34
121 25 0 -15
84 71 1 25
63 42 3 85
122 28 3 -13
8 29 3 60
113 108 1 160
121 27 2 33
51 61 1 51
71 44 0 12
32 60 2 -58
26 105 3 -56
34 10 2 24
4 58 3 47
15 80 1 75
5 53 2 41
29 6 1 19
61 92 1 -25
64 13 2 12
108 1 0 -66
78 16 2 21
22 92 0 -45
71 11 0 21
112 29 1 -55
39 83 3 93
63 97 0 131
97 27 1 136
111 31 3 42
41 73 0 80
59 108 1 16
70 81 1 -47
56 69 1 -28
33 50 1 -46
89 87 2 -29
121 81 1 -43
91 66 0 -64
72 63 2 -49
102 27 0 26
24 87 0 25
96 103 2 42
52 34 0 114
37 79 3 97
119 89 3 168
120 83 3 119
76 89 1 86
3 41 3 71
87 30 2 111
3 24 0 49
120 34 3 14
63 56 0 27
30 65 3 62
86 119 0 172
9 64 1 148
96 8 2 30
8 32 0 34
10 113 0 0
104 85 3 1
38 47 3 24
102 31 1 42
65 48 2 63
78 101 2 89
13 27 1 33
46 12 3 2
100 61 2 9
5 55 0 97
10 102 1 80
67 119 2 99
116 111 0 99
26 4 3 87
14 106 2 87
70 68 0 64
2 97 0 139
42 124 2 30
20 35 0 50
73 45 0 8
24 64 3 -52
10 60 0 42
82 80 2 -13
6 44 3 103
88 46 2 29
114 29 0 -62
29 11 2 17
30 65 2 -55
30 81 2 -53
27 58 3 -41
84 121 1 63
56 75 2 -31
9 109 3 21
101 38 0 76
74 75 2 38
9 42 0 100
4 44 0 101
85 42 3 32
58 112 0 15
13 57 0 41
85 86 0 -21
91 91 3 -30
108 28 0 -54
14 104 1 -33
50 100 0 -18
97 30 0 44
56 107 0 56
82 98 0 56
93 108 2 54
47 97 2 151
22 112 2 103
96 96 1 110
113 36 0 40
83 37 2 110
80 10 1 62
92 122 3 84
2 40 2 0
43 38 3 -23
71 40 2 95
67 15 0 124
31 80 0 55
99 0 3 54
110 9 0 30
9 33 0 0
50 13 1 -38
104 70 1 8
102 9 3 33
117 51 1 -11
86 104 2 56
91 13 1 19
32 113 2 33
44 63 3 18
69 76 3 14
118 64 2 86
116 53 2 -13
57 11 3 100
85 118 3 141
4 39 0 65
92 20 3 42
116 19 0 47
49 83 3 79
31 123 0 25
45 46 3 40
36 107 2 53
28 73 2 -55
31 74 2 -56
86 75 0 -48
39 88 3 113
41 72 2 93
0 23 1 -32
37 43 0 -62
121 53 0 -98
119 75 2 20
42 55 1 -60
57 20 3 18
24 69 1 -47
100 69 3 -47
102 45 0 83
54 21 3 41
55 119 1 80
34 122 3 -54
90 99 3 -23
39 20 3 -37
45 25 1 16
91 41 3 23
16 22 1 73
76 82 3 -13
18 26 0 -33
8 109 1 -55
93 64 2 -33
85 58 2 12
94 105 0 37
23 74 3 40
97 31 2 159
109 89 0 185
20 98 3 109
75 109 0 120
80 85 1 80
44 86 1 84
98 64 2 -40
108 12 3 79
23 6 0 109
36 90 3 38
117 60 1 44
116 60 1 50
87 49 0 68
96 52 0 12
33 3 2 -33
69 41 2 -37
36 106 3 17
19 40 1 48
17 31 0 36
2 21 3 42
99 15 1 16
23 106 2 39
96 42 0 121
92 19 3 18
22 96 2 23
119 52 2 -17
4 65 1 123
70 9 3 106
55 102 2 100
113 101 3 156
53 43 2 113
92 77 3 58
86 77 3 67
20 106 3 64
102 99 0 61
36 52 2 -59
75 12 0 19
99 40 2 39
44 82 0 131
110 39 3 59
42 20 2 25
51 12 3 17
23 90 2 -55
45 47 1 -62
38 67 2 -62
33 82 1 -51
25 104 0 -50
26 99 0 -48
99 78 0 -45
105 94 2 73
80 112 1 42
29 110 3 -51
27 41 1 -40
24 123 2 -68
86 38 0 14
103 62 1 81
124 52 2 65
13 109 0 36
40 89 0 -4
97 30 0 0
109 36 0 -82
74 96 3 31
55 46 0 86
55 88 1 85
5 110 3 67
38 76 1 98
20 94 3 108
47 96 3 150
35 95 3 51
114 42 3 -14
5 35 3 87
69 2 1 54
100 53 2 110
117 54 2 -4
101 3 3 -3
112 51 2 -29
92 18 2 -2
5 68 1 103
4 33 2 8
10 4 0 -28
103 70 3 14
120 55 0 -7
60 99 0 72
35 122 3 -1
33 57 2 26
117 6 2 44
98 10 3 -5
111 40 3 -5
30 20 2 99
88 89 0 53
52 18 3 106
69 75 0 40
69 111 2 103
79 96 1 98
61 42 1 117
52 82 1 111
86 11 1 50
8 67 2 141
104 73 2 52
43 58 3 -58
42 48 2 -59
53 41 0 19
44 85 0 129
63 97 0 135
59 38 0 33
88 83 3 -37
102 1 0 -64
39 68 2 -63
30 111 2 -59
32 84 3 -52
36 9 1 26
21 92 2 -41
32 19 1 34
101 14 3 -55
48 7 1 25
43 115 2 62
52 91 2 -11
1 33 2 -69
53 41 2 10
111 6 3 95
112 4 0 83
106 96 2 70
41 82 0 -2
85 59 0 -80
112 29 3 -79
7 109 3 16
114 54 0 -7
97 10 3 22
88 107 0 76
48 98 0 163
11 66 2 190
6 30 2 74
21 16 3 111
110 9 3 84
16 25 3 98
121 40 0 24
21 113 2 27
34 54 2 31
89 29 3 69
8 35 2 106
118 53 0 -36
101 3 0 15
40 73 0 9
121 79 3 -43
36 106 1 16
8 98 0 127
118 102 0 102
27 40 2 21
69 12 2 84
35 41 0 4
61 110 3 56
109 38 0 -5
91 14 3 18
65 26 0 97
51 18 0 106
93 6 1 24
54 9 3 131
113 105 3 152
21 22 1 120
100 47 1 162
36 58 3 45
59 20 2 115
103 83 2 48
68 84 0 -42
36 70 3 -60
2 60 1 45
106 61 0 103
92 77 1 49
20 62 1 73
118 52 3 -89
77 99 1 -8
45 48 1 -63
37 71 0 -64
92 87 0 -40
37 68 0 -61
33 68 2 -54
10 123 3 -57
27 67 1 -40
88 104 1 -24
119 64 0 26
26 113 2 -53
41 44 1 -61
124 75 0 20
21 7 2 91
91 41 0 24
53 74 1 -33
40 98 0 0
101 27 2 -61
116 51 0 -97
109 30 2 -53
95 67 2 -4
32 42 0 11
110 31 2 -1
100 39 0 116
111 54 1 79
5 21 0 84
106 62 2 116
45 51 3 84
34 114 0 70
102 25 0 10
115 50 2 -17
107 84 2 128
5 53 1 51
118 118 0 6
54 101 1 38
54 60 3 7
110 11 0 5
77 16 0 -45
40 81 3 -3
67 90 1 39
35 42 0 0
39 70 0 -1
70 82 1 7
58 86 1 39
25 37 0 20
61 100 0 70
2 71 1 115
59 47 0 87
113 76 2 116
108 69 0 152
58 46 0 107
87 104 3 72
46 28 2 116
26 81 0 52
122 53 3 7
66 18 3 114
103 78 2 50
104 3 0 -62
26 86 2 -51
25 57 1 -43
113 64 1 56
4 4 2 -21
3 110 2 -23
94 92 1 -26
87 82 3 -38
66 95 0 -22
50 66 2 -47
39 116 1 49
71 42 0 13
27 103 3 -50
66 11 2 19
6 120 2 -61
108 5 2 -60
43 48 1 -60
52 18 3 18
58 34 1 18
106 11 3 70
68 48 1 26
6 108 2 -28
101 85 0 -50
74 19 3 -46
108 28 2 -110
14 8 2 -56
118 57 0 -74
2 103 3 2
1 2 2 4
90 78 0 -21
8 116 2 28
45 119 2 63
124 31 0 35
7 31 3 90
1 122 1 84
36 1 2 33
52 120 0 80
104 20 2 16
66 89 0 51
113 61 0 -20
117 61 0 -22
116 61 0 -30
5 45 0 2
57 12 0 -41
25 122 2 -126
20 61 2 -10
6 28 2 7
97 18 1 -14
107 10 0 -13
108 112 2 -47
68 43 3 -24
22 62 2 16
124 18 2 19
79 20 1 87
123 6 2 36
34 57 2 32
52 4 2 108
29 15 1 117
12 66 1 143
111 64 2 128
42 53 3 42
72 19 3 115
67 29 0 114
103 78 0 51
112 83 2 22
89 16 1 -59
23 73 1 -48
86 80 0 -29
91 71 2 -31
62 84 0 0
102 12 1 -48
124 116 1 31
66 45 0 35
105 113 0 34
16 45 3 109
56 123 0 50
49 67 2 -52
21 87 3 -48
39 62 1 -61
57 74 2 -33
30 20 0 28
73 118 3 63
13 6 0 68
5 11 0 61
89 26 2 25
120 73 3 19
13 110 3 -25
91 119 3 6
28 37 2 -93
112 65 1 -12
91 71 2 -82
112 63 0 -24
16 21 0 19
107 19 1 57
43 30 0 22
15 16 3 45
101 117 3 121
15 35 1 93
103 4 1 87
122 16 3 92
116 99 0 172
66 1 3 59
3 41 0 36
110 67 0 -8
7 121 2 -123
107 103 1 0
81 17 3 -46
55 121 1 0
6 49 0 8
110 108 2 21
9 35 3 9
13 16 3 -37
94 4 2 -70
93 10 0 -106
19 56 0 2
80 37 2 84
20 108 2 28
122 54 1 -21
25 26 3 103
54 50 0 101
59 23 0 104
31 63 2 42
120 1 2 68
68 92 1 91
102 11 1 42
38 7 2 127
34 91 0 54
103 80 0 46
0 18 0 -49
19 119 2 -63
70 85 1 -41
27 82 2 -49
85 38 1 21
12 65 3 51
26 87 1 -39
50 15 2 28
121 58 1 -47
4 55 1 68
10 12 2 99
16 26 1 79
75 50 0 12
29 71 2 -52
26 119 0 -58
63 3 0 16
87 98 0 -20
108 39 2 -41
7 1 3 62
88 47 0 47
52 33 3 18
39 55 0 -64
8 41 3 59
106 16 0 10
76 13 2 -42
45 26 1 -39
24 20 0 -31
60 26 1 -40
33 111 3 29
77 107 1 123
65 122 0 144
119 6 1 58
28 0 0 64
62 81 0 100
109 55 1 83
52 67 2 85
39 72 3 86
41 98 1 207
36 108 2 104
33 1 2 -29
45 118 0 1
37 3 2 -37
67 2 2 -35
7 34 0 26
26 28 3 -10
8 69 2 -2
7 113 3 -15
63 110 1 -7
93 9 0 -108
28 45 1 -79
103 100 3 16
95 9 0 10
30 102 2 15
24 21 0 98
31 58 2 28
55 4 0 100
28 60 2 40
25 55 3 45
110 82 0 142
40 45 2 45
25 23 3 130
0 75 1 144
93 18 1 38
103 83 0 45
58 76 0 -48
25 121 3 -70
107 3 2 -67
67 41 1 20
21 119 2 -60
115 52 0 -71
28 112 3 -44
122 54 3 -83
5 18 0 -38
45 76 2 19
44 85 0 116
11 110 2 142
34 113 2 55
119 54 0 -96
94 14 0 -67
58 16 2 20
51 22 2 23
64 113 0 28
112 62 0 22
88 73 3 -53
61 88 1 -12
33 108 0 -56
103 62 3 31
104 71 0 17
69 21 0 -46
36 5 1 -37
38 65 1 -121
37 106 3 1
107 83 2 133
20 110 0 60
81 98 2 108
4 29 2 68
27 118 1 62
102 7 0 73
13 73 3 185
43 115 2 203
107 71 3 207
17 119 0 87
102 98 0 95
3 65 0 98
71 76 3 -45
13 49 0 63
106 117 1 -16
5 109 2 -68
63 50 2 -28
76 113 3 5
3 108 2 -50
107 53 1 -78
75 12 1 -21
2 32 0 -104
104 71 1 16
106 24 0 29
64 83 3 47
42 115 1 126
53 73 0 36
33 57 2 31
33 50 0 35
105 28 2 50
119 65 2 133
70 22 3 121
27 58 1 58
50 28 2 125
35 82 0 52
104 74 2 43
29 110 2 -70
63 76 1 -53
23 94 2 -54
50 75 0 -35
64 7 1 16
11 98 2 65
29 76 2 -42
91 94 1 -22
24 65 0 -46
18 26 3 18
95 32 3 102
39 21 1 73
124 53 2 37
118 52 0 -107
107 2 0 -69
117 12 1 -42
29 114 1 -54
0 30 3 -66
50 41 0 15
25 106 0 -51
54 10 3 24
89 21 1 -44
95 45 3 7
0 41 3 -20
57 22 0 -43
8 61 3 -19
59 15 2 -41
104 70 1 2
111 77 2 115
88 84 0 60
106 50 0 65
34 120 2 61
90 101 0 90
31 60 2 84
27 74 0 94
87 118 1 213
26 97 3 97
55 18 1 165
104 74 2 87
123 48 2 -27
114 42 0 -23
0 59 0 42
84 11 1 -69
29 15 0 -10
10 121 1 -98
94 7 1 -95
5 108 2 -65
121 51 1 -129
100 123 2 -13
89 88 1 -71
103 83 3 19
54 94 3 80
95 99 3 44
80 37 2 82
27 110 2 14
111 76 2 108
35 54 2 29
34 57 2 41
75 38 0 114
60 23 1 123
44 101 0 161
51 78 3 67
99 93 3 51
104 72 2 38
70 91 0 -54
98 103 1 -57
35 60 2 -66
52 18 2 15
94 82 0 -50
6 121 2 -63
64 116 1 24
63 53 0 13
65 53 0 24
121 45 1 -19
11 110 2 78
14 107 2 108
27 10 1 112
74 48 0 0
90 90 0 -41
86 78 2 -43
91 74 0 -58
4 1 0 2
69 44 0 18
53 120 0 49
62 55 3 -29
124 73 0 -38
98 54 1 26
7 117 1 20
4 27 0 16
98 53 0 3
110 13 2 0
104 82 1 0
76 51 0 100
91 14 0 23
102 7 2 47
0 29 3 47
10 121 3 54
91 82 0 80
92 19 0 80
66 35 0 163
110 106 1 210
119 75 0 169
104 71 2 60
122 32 0 9
109 115 1 -51
10 113 0 32
64 115 1 -10
23 80 3 -79
56 18 0 -14
73 11 0 -12
124 64 3 -11
71 10 1 -19
37 66 3 -98
15 71 0 3
103 79 3 21
45 45 1 36
35 54 1 31
13 118 2 23
60 72 1 42
63 17 0 95
33 67 0 26
60 77 2 52
47 18 0 123
51 9 0 122
42 53 0 45
55 0 1 119
20 104 1 59
104 70 2 32
89 100 2 -58
53 68 3 -61
81 114 0 20
121 56 0 -100
111 60 1 -43
35 123 3 -97
9 33 3 34
91 69 0 15
53 110 2 108
17 97 1 60
52 94 0 59
44 85 0 129
42 77 1 149
34 113 2 67
5 105 1 -19
25 41 2 -4
5 55 0 58
103 112 0 36
86 51 3 91
116 99 0 131
55 123 0 12
92 55 0 -5
97 13 3 10
77 23 1 98
21 100 3 41
4 106 0 40
5 35 2 2
103 100 1 2
107 21 2 19
76 51 0 101
115 56 0 26
111 53 0 33
4 66 3 142
17 7 2 70
36 80 1 81
95 81 1 91
121 93 0 168
58 80 0 111
75 52 2 -13
115 32 1 -25
57 115 1 26
106 32 3 -84
14 72 2 5
104 11 0 -101
24 102 0 -87
24 119 0 -95
47 7 1 -13
64 12 2 -20
26 72 1 -85
13 11 1 -84
100 103 3 36
85 23 0 107
119 82 3 101
86 23 0 95
122 53 0 -14
33 82 3 31
104 8 0 26
34 64 0 39
115 81 0 123
24 27 1 131
39 57 2 42
27 110 1 50
68 109 1 86
103 99 0 13
31 122 2 -115
86 96 2 -63
52 57 0 0
105 107 1 22
56 57 1 12
110 112 1 -26
3 35 3 2
99 69 1 10
96 73 0 17
22 70 1 49
111 30 1 -21
54 41 0 66
17 101 2 78
43 66 2 75
56 112 0 17
51 93 1 23
8 51 3 58
106 49 0 0
85 74 2 24
26 124 0 22
108 122 2 122
88 18 3 47
93 56 0 33
113 84 2 115
78 107 3 112
109 68 3 142
6 31 2 18
42 76 2 -4
3 35 1 0
66 124 2 99
115 20 2 31
98 80 0 36
101 3 0 44
37 120 2 37
82 79 0 91
110 59 0 94
50 56 1 169
31 115 0 66
55 122 1 19
15 49 0 51
107 51 1 -69
24 59 2 -83
117 124 1 -22
40 68 2 -99
103 14 3 -99
49 13 2 -12
74 19 2 -23
100 123 2 -14
27 106 3 -92
19 56 0 5
99 25 2 81
14 70 0 137
119 86 1 101
66 11 1 97
56 77 2 46
33 48 2 38
30 14 3 117
98 84 2 55
61 76 2 61
44 46 2 43
63 30 2 123
47 21 1 127
92 28 2 116
17 72 3 19
19 1 2 -22
51 59 0 17
112 111 1 60
91 74 0 -25
108 117 3 -6
6 46 2 73
91 50 1 87
110 19 3 33
106 58 0 64
116 116 2 19
107 91 0 110
43 87 0 115
82 7 0 73
111 38 3 40
77 58 0 8
71 45 0 28
97 39 0 64
66 85 2 20
61 108 2 72
64 84 2 69
96 105 0 66
103 16 0 40
25 17 1 108
36 56 0 30
97 59 0 48
16 44 2 117
6 51 2 113
58 36 0 -39
40 76 1 -18
86 112 0 47
24 114 0 17
113 53 0 0
20 42 0 48
111 60 0 51
110 62 1 81
112 61 0 73
115 63 0 103
58 64 0 29
67 3 1 6
50 94 1 12
93 68 3 -64
90 48 0 -18
0 29 0 -99
74 12 2 -19
38 64 1 -95
46 26 3 -15
99 81 3 -84
53 13 2 -17
41 115 3 21
20 53 0 5
19 84 2 45
118 51 3 0
39 5 2 107
77 14 2 99
38 63 3 23
45 105 0 143
32 60 0 43
61 91 1 86
61 76 0 62
35 69 1 42
28 74 2 54
43 92 1 166
42 68 0 33
49 70 1 -78
6 11 3 3
12 75 3 116
98 68 0 19
31 121 0 16
101 4 3 34
57 60 0 40
24 6 0 39
114 0 2 -22
89 60 0 -15
96 52 3 43
103 22 0 34
60 106 3 72
113 38 3 39
16 33 1 96
22 35 0 75
7 14 3 42
7 2 0 24
6 114 1 22
16 27 3 33
93 21 0 35
2 45 0 60
71 117 1 73
22 30 3 96
56 56 2 102
81 12 0 93
110 1 3 82
105 53 3 105
112 4 2 13
44 89 0 1
103 21 2 -6
57 54 0 68
111 60 0 18
73 79 1 -35
101 45 1 73
113 62 0 23
5 115 3 -21
117 118 1 -32
8 34 0 49
75 23 3 2
0 63 0 14
96 93 1 -67
89 85 3 -64
40 53 2 -96
104 0 0 -95
20 118 3 -94
95 16 3 -98
52 77 3 -67
10 97 0 26
71 39 1 -21
103 96 3 12
38 81 1 51
23 99 3 42
56 19 1 103
49 25 0 102
63 29 2 105
26 106 0 36
29 109 2 40
123 68 0 125
37 56 0 45
44 47 2 43
12 58 3 148
123 50 0 13
44 65 0 11
58 35 1 -37
66 87 2 37
82 110 2 96
82 96 3 78
3 87 3 140
3 118 0 41
103 21 0 85
104 49 3 57
29 3 3 -24
84 111 3 -39
31 115 3 5
79 100 2 73
113 50 0 1
73 107 1 94
8 54 0 182
90 66 1 104
99 108 2 69
13 88 0 77
107 44 0 21
15 27 3 19
118 47 3 -98
5 109 1 -40
6 31 3 -1
46 77 2 51
16 75 3 140
90 99 1 54
82 14 0 105
101 62 0 65
38 93 2 44
92 31 2 -44
46 88 0 -3
39 122 3 -67
53 83 1 -14
51 83 1 -20
111 60 1 -34
118 14 1 -47
74 82 0 -53
55 27 1 -3
28 58 0 -54
117 75 0 15
16 122 1 -77
9 122 0 -86
39 70 2 -84
89 85 3 -66
24 74 1 -82
22 100 2 -81
92 100 1 -65
4 61 2 9
61 14 1 -16
45 20 1 -14
48 45 3 -13
81 73 0 42
24 64 0 39
42 48 0 22
60 2 2 98
117 13 3 49
41 105 0 151
91 14 2 35
120 92 2 126
67 30 2 117
51 7 2 122
44 46 1 46
42 66 0 43
58 33 2 -41
44 62 3 0
33 36 0 25
51 65 0 38
50 56 0 124
49 81 0 60
117 23 2 29
92 2 2 32
13 17 1 16
5 22 2 65
55 121 0 15
110 8 1 18
108 93 2 137
77 89 2 75
53 22 2 109
71 114 1 135
83 105 1 113
82 31 2 45
9 18 2 21
99 119 3 103
40 24 0 -18
93 78 3 -63
112 95 2 60
115 103 2 97
78 124 3 103
88 100 2 61
58 52 2 114
6 66 0 134
100 64 0 36
102 78 0 25
92 32 3 -45
108 30 2 -108
84 92 0 -32
110 53 1 -77
66 83 1 -63
26 52 1 -66
50 67 2 -59
85 99 0 -43
82 90 2 -32
74 22 3 5
33 100 3 -61
112 73 1 12
107 6 1 -79
97 90 1 -62
68 85 3 -63
35 121 1 -97
32 56 0 -77
52 77 0 -58
23 73 0 -81
76 19 0 -19
17 117 2 -92
113 12 2 23
106 50 2 30
9 59 3 132
121 53 3 -9
68 21 2 101
51 19 0 109
49 22 0 114
14 73 3 147
30 65 3 52
28 119 3 41
62 4 2 117
64 25 2 121
124 53 0 12
40 97 3 0
109 32 0 -19
54 8 0 97
118 53 3 -13
26 116 1 19
121 111 2 113
9 69 2 128
70 2 3 14
20 13 2 19
19 13 1 0
59 68 0 36
114 18 0 45
2 26 2 29
3 115 3 32
99 21 2 90
90 59 1 67
106 47 3 67
108 124 2 82
76 83 3 70
67 1 1 0
118 36 3 -17
52 82 2 8
117 24 0 -33
97 10 1 -2
116 106 2 115
120 88 2 110
55 86 3 93
69 84 2 62
82 37 2 107
37 99 0 27
64 36 0 -41
113 101 2 3
49 81 0 -63
65 117 1 -7
113 67 0 3
56 74 0 -56
78 39 3 -4
38 10 2 13
32 85 2 -61
33 80 1 -62
28 121 2 -71
29 94 2 -75
124 5 2 -64
70 14 3 -6
97 100 1 -66
34 99 0 -79
45 23 3 -10
65 104 2 -39
89 104 1 -64
50 22 3 -15
50 54 1 -8
46 59 3 -3
20 78 2 47
25 61 0 39
41 52 2 23
27 110 1 31
30 76 0 36
59 20 2 113
23 102 2 52
24 120 3 39
26 106 1 50
13 118 3 45
39 71 0 43
43 68 0 11
91 40 3 -43
73 89 3 50
121 53 2 -5
15 8 3 42
71 16 3 92
2 75 0 118
64 122 3 106
1 109 2 -3
13 47 0 93
37 0 3 -10
8 116 1 31
101 18 2 16
13 95 0 133
99 119 3 118
117 119 0 32
37 0 0 17
60 57 3 75
15 14 0 22
4 37 0 41
27 9 1 49
35 2 2 -3
55 57 0 63
112 110 1 82
63 104 0 56
114 75 2 111
36 52 0 39
108 55 2 69
120 3 3 79
81 80 3 85
103 69 0 31
23 74 3 -108
74 13 3 -42
38 120 2 -120
45 29 1 -31
110 22 1 -73
19 121 3 -80
32 70 0 -73
26 90 0 -62
56 81 2 -42
23 80 1 -55
10 124 1 -74
97 78 0 -85
96 80 1 -80
26 122 3 -90
14 70 1 20
30 41 1 -74
118 94 3 -7
106 6 2 -91
50 9 1 -14
71 88 2 -76
26 73 3 -94
103 79 3 3
20 83 0 46
28 74 1 35
44 95 2 145
26 95 0 34
121 66 0 117
44 47 1 38
57 3 2 118
88 16 2 47
62 26 1 121
24 27 0 128
39 74 0 38
38 102 0 2
112 3 3 0
11 67 0 129
69 93 1 51
84 22 2 87
2 75 1 117
55 70 0 35
68 82 3 26
14 1 2 80
71 1 3 -12
23 66 3 32
114 72 3 108
122 89 2 95
74 124 2 101
0 23 2 52
68 2 3 5
97 118 2 0
40 35 0 -31
55 102 2 43
98 4 2 29
29 118 0 28
120 55 2 -5
33 119 1 27
13 75 3 137
85 119 2 146
122 53 2 -6
33 40 2 40
15 33 3 76
83 72 3 85
107 49 3 46
124 52 2 -8
66 15 0 -47
38 68 3 -121
87 120 1 1
90 51 3 4
18 121 2 -78
55 75 2 -47
35 69 2 -73
29 113 2 -64
90 103 2 -39
68 16 1 7
92 10 3 -78
52 3 3 -13
40 56 2 -92
75 12 0 -14
25 102 2 -77
13 124 0 -90
54 79 0 -66
58 10 3 -12
31 82 0 -88
100 124 2 -18
109 84 3 -12
102 84 3 7
22 61 2 41
121 53 0 -10
39 9 0 108
62 28 2 106
105 1 2 31
29 109 0 43
60 7 1 118
35 12 1 130
38 51 2 38
72 1 0 10
40 74 0 23
42 84 2 -1
39 83 3 41
99 69 2 14
68 74 3 18
79 46 3 84
84 118 0 130
91 13 1 5
50 86 1 65
113 124 0 89
27 22 2 99
79 42 0 93
32 57 2 35
3 67 2 121
118 13 1 48
120 22 1 37
86 79 3 60
5 13 2 48
111 2 1 -20
37 88 1 22
64 79 2 31
36 90 3 46
54 20 0 107
87 11 2 29
61 122 0 154
91 78 3 40
92 73 0 43
62 113 3 114
79 72 2 93
11 66 2 165
16 42 3 83
124 50 2 0
30 80 2 -116
37 68 1 -121
17 11 0 -109
80 23 3 -7
51 73 0 -54
38 55 2 -73
28 65 0 -59
24 85 2 -56
24 123 2 -68
42 91 3 56
124 75 0 21
57 79 3 -64
116 78 1 -8
100 5 1 -85
119 110 0 3
70 31 1 -15
37 60 2 -95
13 117 3 -95
109 3 1 -106
115 78 3 -23
22 104 3 -99
18 88 0 23
22 69 2 39
52 4 0 102
27 65 2 36
31 76 2 31
64 39 0 113
64 29 2 115
43 92 1 160
12 65 0 143
24 103 3 47
115 107 1 124
55 40 1 -31
41 90 3 2
38 84 1 25
25 124 3 -4
100 96 3 19
17 119 2 8
95 15 2 2
48 25 0 85
119 53 2 -22
41 99 0 134
88 103 2 49
28 39 1 36
31 70 2 26
55 75 3 50
66 81 2 45
57 114 2 143
92 76 2 57
101 57 0 88
56 110 2 43
35 85 3 15
68 0 3 -22
71 97 0 52
103 4 0 38
38 80 1 82
122 1 2 98
53 81 2 118
5 29 0 91
39 38 1 49
50 109 0 154
87 84 1 87
82 118 1 164
46 48 2 32
26 63 1 -107
105 100 2 1
69 1 2 -112
52 78 3 -62
103 0 2 -78
108 24 0 -67
20 119 1 -68
119 51 2 -103
32 49 0 -50
54 42 2 10
111 7 3 80
107 5 3 -91
39 4 2 -4
85 12 3 -90
5 78 0 2
92 76 1 -127
92 82 1 -85
100 66 2 -105
89 122 0 9
116 120 2 -31
42 84 3 -2
114 33 3 -2
21 79 2 43
122 53 0 -10
34 12 2 111
67 29 1 102
117 13 1 52
30 60 2 51
14 62 3 143
109 27 3 35
0 106 2 39
52 110 1 99
44 85 1 14
41 79 3 -3
105 33 2 -4
66 86 2 27
122 53 1 -27
4 63 1 111
112 89 3 96
81 40 3 83
95 14 0 1
64 29 0 89
2 31 3 17
11 103 2 100
100 92 2 32
110 79 2 118
106 41 2 68
70 101 0 127
77 49 0 170
102 78 2 98
11 109 1 48
69 0 3 -36
115 52 0 -25
115 52 0 -11
82 77 0 59
20 112 0 76
118 57 0 64
110 59 1 109
6 105 2 112
67 77 3 50
98 85 0 55
21 124 3 36
0 17 1 59
46 49 0 31
76 47 0 -42
6 18 1 -74
27 50 2 -64
32 46 2 -69
76 48 2 0
33 62 0 -63
31 64 1 -56
85 90 2 -28
96 87 3 -44
40 92 3 65
56 113 2 150
107 5 3 -91
11 98 0 30
84 81 1 -55
94 105 3 -83
81 14 2 -36
65 45 0 -13
11 17 3 -76
71 117 1 20
18 46 0 -12
104 84 3 -2
114 25 0 -2
110 35 2 -12
25 121 1 19
53 51 2 105
30 83 3 35
31 75 0 35
34 12 0 122
32 87 1 45
28 74 3 42
84 81 1 53
101 25 1 30
44 85 1 5
74 32 0 -54
34 40 2 -22
94 68 0 13
95 14 2 3
75 23 1 88
25 60 0 21
56 14 1 87
39 59 3 6
26 81 2 25
113 91 0 103
20 40 1 29
34 99 3 25
36 94 1 50
49 56 0 157
36 123 3 36
52 84 0 112
111 28 2 56
41 91 2 88
8 124 0 -29
35 79 1 -6
50 88 3 53
123 95 1 104
113 65 1 114
72 80 0 31
66 113 0 107
27 96 3 43
97 101 0 50
22 74 1 44
34 120 2 33
103 14 2 30
124 51 0 -6
28 75 0 -112
60 87 2 -49
104 5 2 -89
36 55 0 -76
42 45 3 -72
59 77 0 -47
34 69 1 -63
1 65 1 28
24 124 1 -62
123 79 0 36
57 61 2 74
56 3 0 -11
100 82 3 -79
65 74 1 -81
24 31 0 -19
6 50 0 3
120 35 0 -46
15 78 0 51
13 78 0 41
60 41 2 -40
104 71 1 6
19 90 0 26
116 13 2 44
51 75 3 49
31 75 0 28
61 24 3 107
32 17 3 119
27 105 2 42
89 14 0 31
35 79 0 37
116 52 1 -12
91 66 1 18
44 86 1 5
100 32 2 -30
105 37 0 -12
52 113 0 101
1 89 1 114
61 79 1 33
117 72 3 96
65 14 1 82
0 34 1 -2
112 51 1 -7
95 81 0 17
29 34 2 28
63 49 1 86
54 46 0 100
5 57 1 131
28 115 0 39
5 3 2 43
54 84 1 78
73 33 1 39
102 0 2 -25
84 84 2 21
35 53 0 -1
21 96 0 20
99 10 2 16
83 86 2 58
96 98 2 44
120 52 0 -1
104 8 3 29
36 120 2 23
5 72 1 125
48 76 0 58
103 74 2 23
112 106 2 1
93 94 0 -77
30 38 0 -76
102 10 0 -79
24 99 2 -63
31 82 3 -57
121 52 0 -99
34 19 3 25
99 41 2 38
38 90 3 64
4 24 0 64
119 102 3 -2
99 79 0 -92
99 65 2 -96
40 18 3 -52
86 26 0 -40
87 42 3 -35
56 34 0 -35
14 77 0 16
110 96 2 10
104 64 1 15
113 105 2 123
121 52 2 -7
111 75 1 117
23 100 2 39
26 102 2 38
27 65 0 45
107 0 1 28
40 59 2 26
36 53 1 27
115 50 3 -14
8 109 2 27
41 83 0 -1
44 87 0 3
73 102 1 16
33 103 3 -14
35 36 2 -13
52 84 0 33
118 19 2 11
70 112 1 52
111 51 0 -16
29 115 0 6
79 37 0 65
36 54 0 -3
113 53 0 -1
119 12 0 36
93 14 1 13
70 83 0 34
49 50 0 105
71 99 1 54
85 58 3 5
44 55 3 -26
34 93 3 -2
96 67 2 -10
80 47 2 73
98 85 0 19
88 82 0 36
101 3 0 31
32 87 1 37
56 52 1 104
54 99 1 75
62 4 0 102
116 13 1 48
103 70 2 18
112 104 2 1
86 85 2 -65
52 31 0 -13
122 101 3 12
117 13 3 -52
19 121 2 -67
38 64 1 -66
68 84 2 -42
73 33 2 17
114 67 3 114
41 79 2 58
53 54 3 -3
54 13 3 -17
74 25 2 -24
121 123 3 -37
84 29 3 -43
86 28 1 -8
99 24 0 34
113 39 2 -50
84 25 0 -34
103 81 3 8
50 99 2 89
118 87 1 108
26 62 2 38
23 100 0 40
122 52 3 -4
51 115 0 147
114 91 1 117
122 96 3 122
104 23 1 39
103 8 1 3
74 90 2 22
53 38 3 -42
29 9 1 -29
74 91 1 -1
106 94 1 93
26 52 2 -15
6 93 0 72
15 7 2 0
55 62 3 -13
116 20 2 -11
32 119 3 -15
18 40 0 8
123 0 2 -4
88 83 0 24
100 89 0 27
120 54 1 -15
120 55 0 -18
32 82 3 21
47 77 1 37
114 50 1 -31
96 76 3 -23
30 121 1 -17
25 57 1 -1
45 111 0 108
103 9 2 -2
113 89 0 94
117 7 3 32
107 22 2 26
23 118 3 21
24 68 3 29
120 92 0 107
68 86 3 45
11 35 3 14
71 33 0 -42
101 5 0 -87
106 5 0 -88
2 32 1 -84
32 67 2 -68
13 118 2 -65
42 48 2 -67
34 96 1 -51
113 31 3 -51
70 116 0 76
7 51 0 39
76 38 1 -22
54 6 1 -13
98 6 3 -81
12 51 1 -6
94 42 1 13
37 34 2 -67
122 27 2 -57
121 18 1 1
16 90 3 12
103 77 3 10
20 78 2 37
23 74 2 38
51 20 2 100
25 88 0 39
121 53 1 -3
121 53 1 0
87 83 1 55
103 124 2 111
0 21 1 45
41 63 1 4
38 82 2 22
41 92 0 6
29 12 1 -32
8 111 1 -7
81 120 1 97
77 100 3 32
31 94 2 -31
20 98 0 -12
62 88 0 10
68 105 2 15
34 84 1 -10
23 77 0 -6
0 68 1 76
40 49 1 -8
92 19 0 11
64 36 3 92
34 120 0 6
96 15 1 2
84 10 1 -2
28 44 1 2
107 5 2 -18
54 67 1 8
87 14 2 -9
2 74 0 93
93 18 0 -3
116 68 0 94
114 87 2 95
122 100 3 108
121 53 0 -16
50 9 2 97
14 68 1 123
123 5 0 42
103 91 0 8
30 9 1 -30
67 87 0 -67
33 103 1 -79
75 45 2 -1
25 81 2 -61
15 121 2 -69
32 82 1 -60
31 53 0 -43
1 61 1 39
94 78 0 -44
88 87 1 -35
84 92 0 -59
59 46 1 -35
102 6 3 -102
6 97 3 1
62 117 1 -8
84 7 0 -82
59 69 0 -34
83 25 2 1
123 61 1 -16
105 50 2 14
97 40 0 118
33 48 3 37
66 6 2 99
71 25 2 105
30 65 0 40
115 84 3 115
25 61 2 35
10 61 3 126
112 79 3 109
54 50 3 86
38 91 0 22
120 82 3 -38
41 103 0 2
45 87 0 -4
85 104 0 3
46 101 1 94
52 11 3 44
5 29 3 -22
102 31 1 -4
90 92 0 -6
117 54 2 -43
103 6 1 -14
54 9 2 55
102 6 2 -7
81 100 2 48
56 73 0 35
45 25 2 93
24 61 2 19
15 31 0 5
77 90 0 26
100 6 2 -6
2 30 2 -12
29 93 3 0
62 13 3 70
44 21 3 77
18 41 0 32
53 81 0 32
110 76 2 100
8 124 1 7
91 15 2 13
114 91 2 105
113 77 0 114
103 100 0 4
81 86 2 -73
123 40 2 -68
23 60 1 -72
77 23 3 -5
34 66 2 -70
102 13 1 -72
16 55 0 33
119 89 0 15
28 61 2 -48
19 120 2 -58
37 91 0 -41
2 84 3 -14
56 87 0 -62
33 97 1 -107
116 24 0 -111
27 118 1 -92
70 121 3 8
15 6 2 -53
34 22 3 -11
2 6 3 -118
17 95 0 33
36 84 1 35
23 102 1 37
26 24 3 113
28 93 3 36
30 14 1 117
28 21 3 120
94 103 1 45
10 61 1 126
12 65 0 119
35 79 2 17
39 88 0 29
59 100 0 -48
39 63 1 -119
45 91 0 0
65 91 0 -13
104 21 2 -8
95 9 0 -29
24 87 2 -12
84 10 3 -25
78 96 0 19
34 97 3 -9
112 83 3 75
93 108 3 0
64 78 0 -4
63 108 0 38
64 91 3 55
44 43 1 11
91 81 1 15
101 26 3 15
27 115 0 -27
28 37 2 -5
35 39 2 -19
104 6 2 -9
93 81 0 -1
33 67 2 -1
82 22 3 72
55 88 1 59
0 33 2 -2
115 74 0 97
23 111 0 27
10 65 0 123
44 52 0 25
102 51 3 0
20 37 0 -102
47 96 0 -1
59 22 0 -4
48 25 0 1
58 80 0 -49
108 4 0 -74
41 112 2 45
48 31 0 14
33 46 1 -57
19 122 2 -68
89 84 1 -49
42 122 0 -125
94 79 2 -115
119 124 2 -44
112 25 3 -107
83 91 0 -60
121 28 0 -82
97 61 1 -90
76 25 1 -36
49 58 0 9
123 51 3 -22
19 88 2 33
120 74 1 108
32 19 1 112
99 49 1 152
71 15 3 106
97 16 2 28
23 71 0 33
45 27 3 106
116 50 1 -2
115 80 1 94
39 93 0 30
42 91 0 1
17 118 0 -117
0 8 0 -112
110 39 0 -102
91 44 1 19
38 75 1 -15
81 76 1 2
121 12 3 -4
62 40 0 43
92 68 2 -1
72 14 0 62
118 55 3 -43
70 1 3 -56
118 52 0 -49
0 116 1 -1
122 5 1 27
118 54 1 -30
51 109 1 66
107 56 0 -23
120 97 0 56
122 5 1 -3
34 43 0 -22
113 25 2 -18
98 16 3 -11
51 11 0 78
91 16 2 3
50 13 1 87
116 77 0 97
92 109 0 48
86 88 0 61
20 100 3 46
18 67 1 -16
71 34 2 -43
113 108 3 2
109 92 0 8
65 11 2 0
16 121 0 -74
122 51 3 -106
22 82 3 -57
13 120 3 -68
34 18 0 19
19 122 3 -73
98 16 2 -81
50 70 3 -57
92 77 2 -99
4 96 0 -2
63 51 1 -46
53 9 2 -35
54 89 2 -57
91 45 1 -40
113 120 0 -30
105 63 1 8
34 10 3 97
59 110 1 74
71 91 1 49
58 77 0 50
48 21 0 111
31 13 1 119
58 75 3 54
0 87 3 126
77 49 2 108
109 83 1 124
54 47 3 91
39 96 0 23
66 9 1 -42
60 5 0 -42
75 40 3 -46
74 110 1 -27
35 50 0 -56
101 71 3 -42
59 110 2 28
67 106 3 14
73 95 0 4
116 56 0 -45
81 90 0 27
40 68 2 -11
107 49 3 -23
72 37 0 46
78 96 2 47
91 110 2 28
56 65 3 10
75 100 2 27
121 106 1 50
83 82 2 3
2 81 3 82
99 66 0 -22
72 87 3 3
28 115 0 -5
28 54 3 15
3 78 1 106
23 80 3 22
29 93 3 25
45 19 0 104
122 52 1 -8
112 79 3 115
105 74 0 0
89 85 2 -90
51 94 3 -50
9 35 1 0
112 95 0 10
97 65 0 -66
78 40 0 0
93 16 3 -76
10 119 3 -73
3 119 3 -76
13 75 0 29
122 5 0 -61
118 2 2 -41
38 123 1 -67
54 44 3 -1
107 58 3 -54
6 96 0 0
56 48 1 -42
114 82 2 -30
39 5 0 -25
11 34 0 7
34 64 1 17
59 113 1 74
63 10 1 95
109 85 2 125
65 30 2 106
29 51 2 58
53 61 1 60
29 34 0 60
32 58 1 47
36 56 3 30
122 103 2 110
88 37 3 -36
68 17 1 -44
15 66 2 -15
51 7 2 -37
61 99 0 -45
82 47 2 -1
108 27 2 -42
55 92 0 24
123 11 0 -14
91 109 3 6
15 35 2 -26
115 100 2 78
37 73 1 -10
44 25 2 58
19 36 1 -18
45 39 1 -17
106 25 0 9
38 50 0 2
97 39 3 86
103 5 1 -35
37 85 1 -7
34 92 3 -2
106 22 0 1
111 54 3 -8
59 82 3 20
101 3 2 4
53 73 2 24
119 88 2 89
108 84 2 118
70 27 0 97
83 19 1 97
1 22 3 43
102 51 3 1
5 110 1 -93
92 4 0 -96
21 21 2 -31
100 51 3 3
113 110 3 0
0 36 0 -75
8 117 2 -75
59 83 1 -48
121 97 0 8
15 118 0 -84
38 61 3 -83
10 101 0 37
1 12 3 -47
68 121 2 20
25 116 3 -79
88 9 1 -121
57 11 2 -40
1 30 3 -123
6 121 3 -122
36 106 3 12
22 69 3 29
20 86 0 29
124 106 0 116
29 101 1 36
28 79 2 39
44 42 1 34
59 50 1 102
90 81 0 44
82 41 0 112
31 60 1 40
104 14 0 17
40 97 0 0
27 102 2 -110
50 8 2 -38
57 14 0 -36
3 59 1 -12
107 80 2 33
83 10 0 -34
92 87 3 -10
25 84 2 -19
120 51 3 -58
55 104 3 14
37 84 1 -14
22 69 2 -6
54 90 0 33
82 94 0 14
82 76 0 -3
35 82 1 6
66 115 1 72
1 59 0 52
65 82 0 -18
24 45 0 -5
41 49 1 -23
34 97 3 -1
50 10 0 76
38 50 1 -2
31 55 0 21
101 3 2 15
3 65 1 106
95 99 0 34
65 108 1 64
56 75 0 47
123 51 0 -11
112 14 1 1
91 44 1 -40
46 87 0 -4
109 99 0 29
27 86 1 -112
6 64 1 -17
57 63 0 -108
73 77 2 -126
31 41 2 -76
21 122 0 -86
74 21 1 -12
80 21 0 -10
11 100 1 61
35 123 1 -69
27 117 1 -52
18 113 3 -28
19 116 1 -55
4 2 1 -52
74 123 1 9
17 6 1 -58
36 103 3 23
111 34 0 -16
106 49 0 22
52 45 0 99
7 61 2 131
65 17 2 105
64 24 0 108
12 65 2 130
119 54 2 0
80 48 1 109
54 50 3 108
36 103 0 28
41 97 0 1
25 68 0 -104
23 92 2 -105
41 55 3 -117
52 41 0 -38
37 77 1 -64
112 27 3 -61
122 2 1 -27
11 13 2 -9
121 14 1 -8
78 103 1 14
113 27 3 -51
70 97 0 14
104 4 3 -13
120 13 1 -12
55 101 2 24
124 89 1 66
101 5 3 -3
75 100 0 15
24 48 3 -25
48 71 1 -19
29 39 2 -5
44 50 3 -8
111 89 2 88
58 76 0 29
85 23 3 82
97 86 0 30
6 57 2 117
104 33 2 35
116 77 3 107
4 68 2 113
45 57 0 20
40 102 0 -2
27 63 2 -107
93 78 1 -112
15 23 2 33
47 11 2 -39
83 81 2 -78
21 96 2 -81
58 80 2 -60
81 119 3 38
58 8 3 -2
40 57 3 -84
43 55 0 -86
50 56 3 109
0 104 0 16
112 63 2 47
99 45 3 69
82 113 3 39
39 50 2 -62
77 42 2 8
81 77 3 -37
19 80 0 39
75 102 0 68
101 13 2 13
122 109 0 112
25 88 0 36
84 22 0 104
121 54 3 0
94 17 3 25
28 74 0 43
47 18 1 117
0 21 3 53
106 15 0 10
70 20 2 -45
31 16 0 -32
66 37 2 -38
33 70 0 -112
98 98 1 -97
74 92 1 -46
71 99 0 -24
108 6 1 -50
99 1 0 -28
121 12 0 -8
113 23 1 -41
122 20 1 -19
70 105 0 26
30 44 3 -2
64 85 3 3
91 19 2 -24
79 103 2 47
98 17 0 -18
97 73 1 -56
87 14 2 -47
100 69 3 -45
54 106 0 41
11 0 0 53
121 55 0 -35
94 16 0 -3
113 124 1 84
95 11 1 -1
69 12 3 84
110 82 2 111
122 50 2 -13
4 29 2 17
43 67 0 14
37 5 3 -38
59 20 2 -44
41 7 0 -35
71 18 3 -46
50 18 1 -42
6 110 1 -84
114 51 2 -107
32 96 0 -69
40 67 3 -76
74 17 2 -4
51 33 1 -5
45 22 1 -6
36 120 1 25
110 54 3 20
114 56 3 5
84 104 3 35
112 64 2 56
100 68 0 -50
28 36 3 -40
20 49 0 35
79 103 0 68
114 29 1 -4
45 25 2 93
114 76 2 106
73 42 0 104
26 27 0 121
23 100 3 45
121 53 3 -1
123 65 0 121
42 110 1 152
45 51 0 32
39 100 0 0
62 26 2 -40
38 6 2 -32
53 46 2 -37
49 34 0 -30
86 21 2 -36
60 112 3 -30
56 109 0 -3
13 97 2 67
103 34 0 -22
57 106 2 29
56 92 0 12
71 101 2 9
79 100 2 39
52 103 3 61
99 122 2 57
114 52 2 -38
119 50 0 -44
75 86 0 9
99 23 1 2
68 118 1 33
99 68 3 -55
65 123 2 53
3 3 2 -21
54 65 0 -5
101 0 2 3
104 9 1 -1
9 55 0 107
80 42 3 79
13 11 0 37
79 48 1 94
39 72 0 15
34 113 0 4
67 15 0 -47
67 15 2 -47
0 34 0 -128
35 5 0 -37
41 104 2 -1
113 105 0 4
0 22 2 -61
36 36 3 -69
67 72 1 -60
43 42 0 -80
117 11 2 -65
68 82 2 -71
60 24 3 114
5 68 0 125
100 76 2 14
89 81 3 24
81 80 3 39
106 39 3 -27
67 107 0 -18
14 103 0 7
64 105 2 46
58 92 2 54
19 121 3 8
101 9 2 20
23 101 2 41
52 48 2 113
60 2 3 108
36 60 0 33
78 14 3 116
58 77 3 59
35 105 0 38
57 20 2 -39
45 22 1 -34
63 9 2 -37
30 75 0 -106
32 106 1 -106
11 62 1 -4
9 121 3 -105
73 92 1 -47
30 123 2 -70
47 79 0 -14
97 12 3 -31
60 112 0 24
73 91 1 -4
36 98 1 0
104 5 1 -5
33 64 1 -13
89 87 0 6
33 57 2 -3
98 1 1 -2
75 97 2 -8
28 124 2 -76
39 43 3 -62
16 75 1 53
71 86 1 -28
35 85 1 -14
105 22 2 2
11 121 3 -4
104 9 2 0
33 51 0 18
110 104 1 141
29 95 2 23
6 20 0 17
113 109 1 3
17 4 1 -37
17 4 1 -38
39 3 3 -39
36 6 0 -38
58 13 0 -41
113 107 0 1
107 56 0 -71
93 14 0 -86
17 121 2 -80
22 87 3 -68
71 85 2 -60
98 16 1 -84
70 82 2 58
2 47 2 159
3 108 0 49
118 52 3 -14
115 50 1 -20
51 100 3 43
85 59 3 -41
44 83 2 43
88 107 1 33
38 86 1 39
45 111 0 125
24 62 3 28
29 70 2 37
123 68 1 118
117 85 3 114
62 26 2 113
44 97 2 158
41 105 0 157
124 55 0 -9
28 93 2 -110
28 62 2 -101
40 57 3 -112
22 81 3 -97
97 97 0 -95
64 15 1 -31
70 13 3 -29
108 51 0 -94
65 106 3 -29
100 71 3 -67
65 89 0 8
20 78 1 -17
97 75 0 -49
75 85 1 7
24 118 3 -1
81 109 3 65
78 98 2 40
2 74 0 86
60 93 1 23
10 108 2 9
31 7 2 15
31 86 3 -62
65 79 0 -44
65 109 2 -7
70 102 2 12
115 53 2 -32
18 7 0 10
53 90 0 53
29 92 3 15
42 62 3 13
97 108 0 31
78 1 0 -55
36 98 3 -51
84 115 2 52
0 114 3 -61
73 81 3 -49
112 111 0 3
111 109 0 2
100 51 0 1
104 40 0 -81
97 55 3 -75
39 51 1 -86
40 53 3 -81
121 53 3 -111
49 116 2 43
86 71 0 99
84 92 3 128
112 31 0 42
4 78 0 128
109 50 1 -10
63 111 1 22
52 110 1 21
45 76 0 24
120 4 1 11
99 73 1 -10
46 5 0 90
66 86 0 47
118 72 2 114
87 120 3 156
114 87 1 120
7 74 3 135
28 92 1 48
98 104 0 57
35 112 0 3
36 72 1 -116
45 21 3 -32
62 20 0 -36
70 88 1 -87
33 102 2 -103
0 66 3 -17
102 15 3 -110
120 79 2 -27
123 16 0 -62
107 53 0 -50
36 45 0 -37
103 26 3 -16
92 31 2 19
68 77 2 -32
2 108 3 -3
30 36 3 3
24 47 3 2
93 89 0 4
75 113 0 56
50 94 1 -2
100 75 0 -91
16 43 1 -46
100 78 1 -67
113 57 0 -51
85 111 0 23
67 106 3 34
94 8 3 -9
27 23 3 92
88 84 2 36
98 55 2 27
15 23 3 0
122 62 3 -29
87 110 2 -20
76 83 3 3
6 102 1 78
3 96 0 94
3 102 0 30
123 3 2 -36
42 120 0 -60
112 110 0 9
113 109 0 8
85 104 0 -54
51 27 0 -4
65 14 2 0
71 19 0 2
110 60 0 115
110 60 1 115
3 113 0 51
16 30 0 41
8 112 0 35
103 21 3 -33
121 23 2 -106
57 115 0 28
62 117 1 61
56 61 3 6
111 55 0 -1
84 11 0 17
4 29 3 29
57 5 1 110
49 113 0 149
12 58 3 142
89 14 0 41
33 112 0 34
22 30 2 -29
64 13 2 -39
68 21 1 -37
28 111 2 -106
75 14 3 -34
27 112 0 -106
118 80 0 -31
68 41 0 -30
103 13 3 -111
6 53 1 -2
23 113 0 -58
102 30 2 -12
20 78 1 -11
0 84 2 41
65 83 0 -26
31 123 2 -55
62 119 1 67
78 116 0 78
50 72 0 -9
83 10 1 -37
63 110 1 -24
53 93 0 -42
63 23 2 -12
113 54 0 -90
110 4 1 -75
81 112 0 23
6 105 3 7
4 105 3 26
0 111 3 -30
87 70 3 20
120 35 3 -42
67 3 2 -42
73 62 1 -50
11 107 1 11
98 60 2 -28
61 42 3 89
121 23 1 63
94 53 1 106
112 113 0 38
112 112 0 35
1 45 2 65
57 43 3 5
113 111 0 18
6 96 0 31
87 82 0 -52
122 109 2 16
87 13 1 51
86 80 1 66
108 8 0 34
21 114 1 26
112 120 2 34
37 117 1 32
35 117 1 22
35 1 3 5
35 1 2 14
14 115 0 39
17 4 1 59
17 3 1 77
120 111 0 115
90 71 2 34
0 106 3 38
109 23 2 39
118 109 1 130
13 26 3 7
8 61 2 -14
38 53 1 -117
75 18 3 -40
123 107 2 -22
14 121 3 -114
13 123 3 -116
5 60 2 -8
60 7 0 -35
76 41 0 -38
108 69 0 9
83 103 0 -46
86 112 0 4
24 54 2 -26
94 103 1 -40
60 86 0 -22
31 121 2 -67
88 106 0 -21
2 107 3 -38
57 68 0 -27
70 49 1 -71
65 113 1 -42
85 80 0 -82
100 76 1 -102
0 67 0 -2
92 11 1 -105
111 60 1 -64
112 61 0 -48
55 57 3 -15
89 36 0 16
39 119 1 76
63 70 1 89
17 27 0 48
101 65 1 -39
112 103 2 59
102 21 2 10
9 109 1 64
109 93 0 170
61 51 1 163
121 111 3 186
27 98 0 94
114 96 3 176
116 44 1 61
92 116 3 79
77 34 2 5
121 123 1 0
7 96 0 32
49 54 1 136
124 95 0 126
0 89 2 142
104 6 0 37
14 72 3 146
71 11 1 117
24 120 1 36
42 115 2 156
64 24 2 116
75 13 3 117
87 118 0 161
35 69 3 40
3 123 2 39
79 124 0 123
0 113 3 9
17 2 2 108
31 117 0 35
35 117 1 19
35 117 0 17
93 118 3 15
41 117 0 9
47 118 0 -1
43 116 0 -1
48 114 0 -3
61 4 0 -42
59 18 2 -37
79 48 0 -39
49 69 2 -96
56 87 0 -53
84 112 0 -14
91 78 1 -80
121 23 2 -89
110 52 0 -90
117 102 2 21
32 83 1 -55
60 80 0 -36
70 118 0 15
73 36 1 -43
124 65 0 -36
81 22 2 -41
69 124 3 -28
98 65 2 -100
97 98 3 -92
56 11 0 -34
25 63 2 -105
60 26 3 -41
56 123 3 19
36 118 2 44
72 4 0 16
94 118 0 23
100 117 0 27
23 39 0 -34
66 106 1 6
50 94 0 53
63 55 2 66
0 102 3 104
114 61 1 115
0 2 3 100
98 18 1 86
51 81 0 118
44 62 2 86
80 70 1 6
85 47 1 1
113 57 3 -53
113 65 0 114
13 11 0 57
55 75 3 68
22 28 2 133
107 104 2 167
65 7 0 119
87 118 0 161
34 10 0 125
68 16 1 114
60 18 0 118
75 42 2 115
110 106 2 166
34 12 2 131
119 75 1 124
44 96 1 163
17 118 3 44
0 29 0 39
33 120 0 39
12 122 0 42
33 120 0 40
24 121 1 42
6 74 3 142
48 121 0 34
54 122 0 16
40 117 0 8
44 117 0 2
61 8 0 -41
59 12 0 -36
52 6 1 -36
99 47 0 3
84 116 1 1
100 76 0 -114
63 119 0 3
68 93 0 -45
95 88 0 -48
4 106 2 -50
55 116 1 -1
53 8 1 -39
69 15 2 -45
38 8 0 -35
36 63 0 -119
8 121 3 -120
6 121 3 -123
22 120 2 -121
86 119 0 1
110 104 0 1
38 4 2 -39
107 104 3 -1
57 12 3 -43
14 76 0 -5
0 1 0 -42
117 32 3 -62
2 4 2 -49
10 100 3 59
108 119 0 9
112 119 0 15
39 118 3 34
38 118 3 42
6 27 3 54
9 116 3 69
116 115 3 31
83 47 1 40
114 25 3 -64
30 121 2 -66
21 45 0 51
54 6 3 122
1 30 1 43
86 119 3 169
30 56 1 67
89 14 3 47
15 61 0 145
65 5 2 116
42 6 2 126
51 47 2 123
77 49 2 122
49 116 2 162
45 45 3 47
49 10 2 127
16 61 0 148
86 119 3 167
4 71 2 143
43 115 2 168
54 6 3 129
122 96 3 146
111 53 2 49
108 122 3 138
111 53 3 44
122 96 3 142
82 117 2 159
116 18 1 63
50 121 0 34
51 120 0 13
52 119 0 0
43 49 0 -116
62 10 3 -40
20 119 2 -116
102 3 2 -105
79 75 0 -60
25 116 2 -81
50 57 3 2
43 121 0 -115
2 47 3 8
75 11 3 -39
46 25 1 -38
47 25 1 -39
74 42 2 -45
68 17 1 -46
78 17 0 -44
43 96 3 -1
76 13 2 -44
43 7 0 -37
111 109 1 2
111 115 1 -95
69 81 1 -52
122 91 1 16
38 120 3 -72
88 13 1 -66
83 118 1 52
69 89 0 -38
52 69 2 -46
112 52 3 -78
37 120 0 -71
60 84 3 -27
111 24 0 -66
12 0 3 0
81 51 2 15
112 97 2 58
116 120 3 12
15 25 0 24
39 72 1 47
66 33 0 127
65 27 0 128
117 91 0 140
35 65 1 52
30 65 1 56
81 16 1 121
1 30 1 42
63 10 3 122
67 15 0 121
97 76 2 51
27 40 0 66
62 4 3 123
2 70 2 145
115 55 2 47
78 111 3 156
112 65 2 152
35 123 0 43
65 114 2 144
82 118 3 194
58 84 3 115
120 57 3 60
91 71 1 85
56 55 2 161
57 45 3 129
82 118 3 175
71 82 2 72
53 123 0 43
90 117 3 23
115 58 2 -86
115 59 2 -67
119 25 2 -95
84 103 2 -39
102 16 2 -72
52 54 2 20
69 106 0 -17
32 97 2 -52
97 124 3 21
81 124 0 20
4 2 1 -50
0 2 1 -47
3 1 1 -48
104 107 1 4
104 107 0 6
110 119 2 -37
90 122 1 41
71 42 0 2
95 13 2 -75
103 124 1 18
56 74 1 -43
57 80 1 -45
31 63 2 -62
116 16 1 -49
26 121 3 -76
27 66 2 -60
7 120 3 -73
54 74 1 -42
122 5 0 -42
30 121 2 -66
25 124 0 -66
1 4 0 -42
84 46 0 42
9 47 1 138
13 37 0 26
45 84 0 89
64 29 0 124
31 78 0 52
10 61 2 154
6 120 3 44
47 27 1 127
44 103 3 161
34 120 2 41
31 80 1 50
6 65 1 150
55 106 2 125
75 102 2 116
12 98 2 170
93 5 1 47
9 69 3 168
112 50 3 56
94 19 0 78
89 60 0 89
20 45 0 134
54 57 3 134
17 3 3 120
17 3 2 130
0 38 0 96
35 123 2 47
78 123 3 162
75 123 2 154
18 116 2 82
113 110 2 156
114 17 1 55
39 117 0 39
50 119 0 28
94 24 0 8
80 47 2 -2
101 5 0 -58
112 55 2 -63
57 81 3 -36
36 11 3 24
57 79 3 -35
21 98 3 -46
16 119 1 -62
97 103 0 -51
52 75 1 -44
5 121 0 -73
116 56 2 -65
73 113 3 46
109 111 1 69
108 11 2 51
72 44 0 2
57 83 0 -32
105 6 2 -68
71 0 1 -95
89 106 2 -34
0 55 3 -13
16 23 1 37
34 120 1 -72
60 74 0 -44
89 106 2 -30
123 64 1 23
5 118 0 -59
89 81 2 -37
46 10 1 37
9 5 3 91
22 35 1 64
