256 64 256 4
18 1 3 57
28 3 1 61
1 10 2 59
5 0 0 57
5 0 1 57
1 10 3 59
28 3 0 61
18 1 2 57
24 14 0 60
18 23 2 61
6 0 0 52
28 11 3 58
18 10 2 55
3 2 1 51
22 20 2 58
14 1 0 50
20 14 1 60
17 3 1 58
14 0 3 58
3 28 0 66
3 28 1 66
14 0 2 58
17 3 0 58
20 14 0 60
3 0 1 54
3 2 1 54
24 14 0 59
4 25 1 58
2 0 0 52
15 8 3 55
16 19 2 57
13 6 1 52
1 9 0 57
13 2 1 57
16 18 1 62
1 6 2 60
1 6 3 60
16 18 0 62
13 2 0 57
1 9 1 57
1 1 1 54
3 11 1 56
5 19 0 57
1 1 3 53
19 21 1 59
14 2 3 52
25 1 0 54
26 20 2 58
2 11 0 57
2 9 1 57
23 11 1 62
16 22 0 65
16 22 1 65
23 11 0 62
2 9 0 57
2 11 1 57
22 5 2 58
13 6 3 55
19 3 2 55
17 18 0 58
6 0 0 50
3 8 1 51
21 19 1 56
5 12 1 51
21 3 0 57
16 18 3 60
22 22 3 63
13 1 3 58
13 1 2 58
22 22 2 63
16 18 2 60
21 3 1 57
0 5 1 55
19 16 1 58
25 14 2 58
24 0 3 55
25 15 2 56
5 11 2 51
26 25 3 57
27 1 1 53
23 14 1 58
4 10 0 55
18 17 0 60
14 1 1 57
14 1 0 57
18 17 1 60
4 10 1 55
23 14 0 58
18 21 1 59
23 1 2 55
18 20 2 58
22 12 1 55
26 8 0 55
27 11 0 55
18 28 1 57
27 11 0 55
13 0 1 54
14 8 0 55
27 19 1 61
5 11 0 57
5 11 1 57
27 19 0 61
14 8 1 55
13 0 0 54
6 1 0 51
3 10 3 53
14 10 0 53
26 2 0 54
15 14 0 54
25 1 0 52
16 11 0 52
5 4 3 47
28 25 1 59
4 1 0 51
25 28 1 61
26 12 1 61
26 12 0 61
25 28 0 61
4 1 1 51
28 25 0 59
15 8 0 54
2 25 0 57
1 15 3 54
3 15 3 53
21 15 3 54
1 3 1 49
14 1 0 49
20 20 1 54
2 2 3 51
28 13 1 58
3 14 0 55
1 7 0 55
1 7 1 55
3 14 1 55
28 13 0 58
2 2 2 51
15 5 1 52
27 2 0 54
23 0 2 53
25 12 1 55
16 16 2 54
18 4 0 50
23 3 1 51
13 6 0 48
19 23 0 57
3 9 0 52
20 14 3 56
17 5 3 55
17 5 2 55
20 14 2 56
3 9 1 52
19 23 1 57
15 15 1 54
21 12 0 54
17 6 3 51
19 17 1 54
25 12 1 54
13 13 0 51
3 13 1 49
26 24 0 54
28 13 1 56
28 2 1 54
1 0 2 50
5 6 2 51
5 6 3 51
1 0 3 50
28 2 0 54
28 13 0 56
1 28 3 56
28 17 2 56
13 7 3 50
16 19 2 54
27 0 0 52
15 18 1 52
23 0 2 50
21 14 1 51
20 24 1 56
21 8 1 53
28 20 3 57
5 0 0 49
5 0 1 49
28 20 2 57
21 8 0 53
20 24 0 56
26 18 3 56
16 7 1 50
25 3 0 52
21 24 0 54
3 3 1 46
27 0 0 51
5 23 3 51
18 8 0 49
25 6 2 52
20 15 2 54
20 28 0 57
27 3 1 55
27 3 0 55
20 28 0 57
20 15 3 54
25 6 3 52
26 9 1 53
26 2 0 51
3 11 0 49
21 0 2 50
27 25 1 55
26 3 0 51
20 12 1 51
14 7 3 48
3 7 0 48
25 10 1 53
6 14 0 51
16 26 0 57
16 26 1 57
6 14 0 51
25 10 0 53
3 7 1 48
2 26 3 54
14 3 1 48
26 3 1 51
25 9 0 52
27 20 1 54
14 8 1 48
23 13 0 51
16 17 0 50
14 4 1 48
1 9 0 49
20 15 0 53
28 0 1 54
28 0 0 54
20 15 1 53
1 9 1 49
14 4 0 48
20 26 1 54
19 15 1 51
27 14 2 53
6 26 2 51
26 19 3 54
3 2 3 45
5 18 1 48
15 13 3 48
22 17 1 52
17 14 1 51
16 14 0 51
3 13 0 51
3 13 1 51
16 14 1 51
17 14 0 51
22 17 0 52
19 28 1 54
17 9 0 49
22 5 0 49
27 6 1 51
0 10 1 48
28 6 0 50
2 1 3 44
26 2 0 48
9 0 1 55
23 3 3 57
11 10 2 57
20 7 2 57
6 23 0 58
6 1 0 53
28 13 1 57
5 20 0 57
6 1 2 52
5 0 1 52
16 9 0 54
3 0 2 51
8 19 0 55
17 13 0 54
18 14 3 54
1 0 3 49
9 8 3 57
28 13 0 60
2 2 3 54
1 2 2 54
24 2 2 57
1 0 0 54
1 5 2 53
12 14 2 57
6 1 3 52
12 3 2 53
17 6 2 54
15 18 1 57
7 0 1 52
27 6 2 54
2 1 1 50
22 5 2 52
15 0 1 57
18 6 0 58
12 7 0 57
7 15 0 57
25 6 0 57
4 22 0 58
1 7 2 54
28 13 3 57
13 2 1 54
11 8 2 54
22 1 0 54
8 2 1 52
3 3 0 51
25 10 1 55
0 0 1 50
25 0 0 53
24 12 0 59
5 2 0 54
3 16 0 57
4 1 2 54
10 2 2 54
25 1 3 56
25 11 1 57
7 2 0 53
22 0 0 54
24 12 2 56
17 6 3 54
7 24 0 56
9 2 1 51
9 12 1 53
7 8 0 52
13 1 3 52
3 20 0 58
19 7 0 57
1 7 1 54
8 4 0 54
18 12 2 57
11 1 3 54
12 1 3 54
9 10 0 54
19 15 1 56
5 17 2 54
13 12 1 54
5 15 1 53
5 2 0 50
23 9 1 54
9 22 2 55
0 5 0 49
18 8 0 57
8 5 0 54
0 10 3 54
0 27 2 57
5 11 0 54
11 2 0 54
8 4 3 53
20 6 2 54
3 0 2 51
8 28 0 57
8 18 3 55
22 6 1 53
26 0 3 53
0 21 0 53
20 12 2 53
20 10 0 52
12 0 3 54
16 13 0 57
11 7 0 55
13 3 2 54
14 1 3 54
27 10 0 56
10 0 3 52
2 4 0 51
26 0 2 54
10 0 2 51
7 28 1 55
10 0 2 51
2 0 3 48
20 10 1 53
24 0 0 51
5 3 1 48
25 11 0 57
14 1 2 54
8 10 1 54
17 7 0 54
23 1 0 54
5 19 1 55
0 8 0 51
7 16 0 53
2 4 1 50
17 8 2 52
7 0 0 49
8 6 2 50
25 5 3 52
11 4 0 49
9 23 2 53
17 5 2 50
4 28 0 57
8 26 1 57
3 24 3 56
17 10 2 54
14 0 2 52
5 15 0 52
27 10 2 53
0 11 1 50
4 19 1 53
2 5 0 49
10 7 0 50
13 2 2 50
10 15 3 53
25 15 0 53
26 15 0 54
27 15 1 55
22 4 1 54
20 14 1 55
9 14 0 54
25 7 2 53
9 3 1 50
10 6 0 50
7 0 3 49
7 0 0 49
5 15 1 51
5 19 0 52
19 15 3 53
21 17 0 54
23 17 0 56
28 18 0 53
11 0 1 66
8 14 3 69
5 2 0 51
23 8 2 53
23 10 3 53
20 13 0 54
3 0 1 49
3 19 2 52
0 3 3 47
14 18 1 53
14 19 0 53
17 12 0 49
20 19 0 51
26 18 0 56
0 3 2 66
11 14 2 70
16 10 3 71
24 21 1 57
5 6 0 51
9 5 3 51
1 3 2 49
19 7 3 52
23 13 1 53
10 2 3 49
22 1 2 50
12 21 0 52
22 24 1 33
20 22 0 38
22 23 2 53
21 22 0 59
5 3 3 68
20 6 3 72
17 13 2 74
6 1 2 69
11 1 2 52
3 27 2 54
13 4 0 51
4 4 0 49
23 21 3 39
8 2 0 48
22 5 0 50
13 23 0 47
21 17 3 19
17 23 0 44
22 23 0 50
20 22 0 57
8 27 1 74
7 0 3 70
28 19 3 60
26 17 3 60
16 18 0 56
10 5 0 51
14 18 2 54
10 8 0 50
4 7 1 49
4 1 0 47
10 27 0 53
13 24 2 37
19 27 2 35
17 25 3 36
23 26 0 37
21 24 0 48
26 16 2 56
23 18 3 57
26 25 0 47
28 24 0 9
22 0 3 52
21 6 3 52
18 13 2 53
2 2 3 47
1 0 2 47
8 16 0 51
10 28 0 52
14 22 0 25
12 25 3 39
14 25 0 37
21 23 2 10
21 28 0 46
23 25 0 28
15 23 0 63
27 27 0 39
16 23 0 -58
12 1 3 50
7 25 1 54
8 6 3 49
11 14 0 51
15 18 0 52
25 6 1 49
12 22 0 49
14 28 0 24
19 27 0 47
19 20 1 20
21 16 0 28
21 16 1 23
19 20 3 3
19 27 0 38
27 25 2 21
28 25 2 -27
16 2 0 57
25 2 2 57
15 7 3 56
2 7 2 53
22 0 2 56
18 9 2 56
26 8 2 57
13 7 2 54
9 7 3 51
8 8 0 51
9 1 1 49
20 10 3 53
4 3 0 49
24 0 1 52
14 2 2 51
5 12 3 51
0 8 2 55
14 7 1 57
11 10 0 56
1 7 2 53
5 2 2 53
14 2 0 54
25 1 1 55
17 0 0 53
10 1 3 51
24 27 3 58
22 1 3 52
20 24 2 54
21 5 1 53
24 8 3 55
13 7 3 52
25 6 1 54
18 10 2 59
2 0 0 54
2 5 2 53
17 5 2 56
21 24 2 60
15 7 1 55
21 1 2 55
22 27 0 58
24 8 0 56
22 7 0 55
24 18 0 57
13 4 0 49
0 4 0 46
27 4 1 52
23 2 2 52
18 10 0 52
22 3 1 58
22 0 2 57
24 8 1 59
4 6 0 53
9 2 0 53
3 0 0 52
15 7 0 55
21 3 2 54
13 1 0 51
17 4 1 52
15 7 3 52
20 7 0 52
26 22 3 54
19 22 1 55
12 5 3 49
12 1 1 48
12 8 1 56
22 7 0 59
8 3 3 53
15 5 1 55
16 5 2 55
26 3 0 55
9 10 1 53
23 4 1 54
25 19 1 57
4 10 0 49
19 20 3 55
21 7 0 50
3 0 1 44
12 8 0 50
26 28 1 56
12 6 0 48
15 4 1 56
26 3 0 56
19 4 0 55
14 8 0 55
15 7 1 54
0 6 0 50
2 2 0 49
0 7 3 49
3 0 3 49
26 4 0 52
2 0 2 48
7 8 2 47
25 21 3 54
25 6 1 50
25 1 1 47
12 23 2 31
11 1 0 53
7 0 0 53
18 9 1 56
20 4 0 55
24 1 3 53
3 0 2 49
16 7 0 52
10 1 1 49
27 5 1 52
20 24 1 55
27 2 2 50
0 6 1 46
4 11 0 46
23 11 0 48
13 23 2 32
13 24 1 22
14 7 3 55
22 27 0 59
11 6 0 52
8 9 1 51
26 17 1 56
3 12 0 49
21 0 1 52
2 13 0 49
12 0 3 48
3 13 0 48
15 13 0 49
19 13 0 46
14 24 2 20
12 22 1 21
11 24 1 22
18 22 2 49
6 27 3 52
7 26 2 46
4 26 3 41
5 28 2 47
1 14 0 39
6 14 3 41
14 17 3 55
13 17 2 47
5 20 2 33
12 17 2 31
4 22 0 1
9 22 1 13
6 22 1 25
9 26 2 27
1 0 3 42
21 3 2 46
21 6 0 74
2 13 0 67
21 6 0 66
5 13 0 58
3 20 0 38
2 21 2 24
7 21 3 30
15 18 2 39
0 17 3 18
4 17 1 33
6 25 2 26
25 17 0 52
22 5 0 49
23 2 1 47
21 23 3 50
11 5 2 43
2 13 2 72
4 12 2 69
3 19 0 56
2 16 2 45
7 19 0 50
8 9 1 34
12 26 3 25
2 16 1 38
15 19 0 52
17 12 3 48
20 9 0 49
9 1 0 44
6 8 2 44
5 10 2 44
21 9 2 47
4 2 3 41
8 12 2 76
1 20 2 58
2 18 2 49
4 28 2 46
9 28 3 37
8 28 3 34
4 20 2 17
11 22 3 33
26 9 1 50
27 18 1 52
2 6 0 44
25 8 0 49
17 7 0 46
11 5 0 43
17 4 0 44
16 12 0 45
4 24 3 57
2 13 2 72
6 13 2 77
4 28 2 68
8 13 3 75
4 26 3 56
12 24 0 54
12 23 0 36
19 28 3 20
24 10 1 49
12 11 2 47
22 0 2 47
21 1 2 46
13 7 2 45
25 20 1 50
12 0 2 41
0 25 0 35
2 25 0 51
4 12 1 75
2 13 1 77
2 13 0 77
16 12 1 79
20 6 2 77
4 23 0 54
14 25 0 49
13 22 0 56
17 21 0 50
27 2 3 47
23 18 3 50
11 3 0 43
20 1 3 44
12 9 2 43
12 20 1 -52
1 27 0 57
3 28 0 62
4 27 0 53
8 27 1 53
9 27 0 55
7 26 1 57
17 19 2 81
3 13 2 75
17 28 0 55
20 27 0 51
18 11 0 47
23 25 0 50
16 0 2 44
28 26 2 50
20 8 0 44
0 25 2 -9
5 19 3 48
5 13 0 54
1 14 2 44
21 6 1 49
6 13 0 49
6 13 1 50
12 28 0 50
14 28 0 60
20 5 2 79
18 28 0 54
18 23 0 49
0 5 0 41
3 1 3 41
12 7 0 43
14 7 1 43
12 0 0 51
16 21 0 59
0 23 1 59
28 1 1 48
11 17 3 59
22 5 0 52
12 16 1 59
3 27 0 62
5 11 0 58
6 21 0 62
26 1 2 52
13 3 0 56
6 8 0 59
16 4 2 57
14 25 1 66
14 25 0 66
19 22 0 58
13 14 1 57
5 1 0 49
5 1 1 52
13 2 1 52
18 10 1 55
17 25 2 61
2 12 1 57
10 11 1 57
8 0 0 54
9 14 1 60
28 12 0 57
15 4 0 56
15 28 0 65
21 0 2 54
10 20 0 64
24 10 1 52
1 9 3 54
4 6 3 46
1 8 0 57
14 26 0 60
5 26 1 59
11 3 1 52
12 12 2 56
16 28 0 61
24 14 0 56
20 15 0 58
8 6 1 56
6 21 0 62
19 12 0 59
12 13 1 61
15 3 0 56
16 6 0 50
0 7 0 46
0 8 0 57
10 14 0 56
17 26 1 58
21 26 1 57
20 12 0 54
11 12 0 55
1 23 1 58
25 27 0 59
23 8 0 53
10 22 0 60
5 12 0 58
28 13 0 56
17 11 3 58
9 22 2 63
0 5 0 34
0 5 3 41
28 13 0 50
0 18 0 55
23 25 0 55
11 26 0 57
16 1 1 48
1 16 0 56
9 14 1 55
23 12 1 52
18 8 1 53
2 14 1 57
26 9 1 53
26 3 1 50
27 2 0 50
11 15 1 59
0 9 0 32
0 0 0 47
10 17 1 54
28 1 0 44
27 9 0 48
7 21 0 55
7 14 0 53
5 7 0 50
10 17 2 54
15 21 0 55
4 15 0 55
15 13 1 55
4 10 3 55
17 24 0 58
26 3 3 50
28 14 0 55
0 3 3 46
18 23 0 53
21 11 0 49
24 14 1 49
11 18 0 53
13 14 1 53
6 0 0 47
21 10 0 49
16 17 0 53
8 12 1 51
5 12 3 52
26 18 0 54
6 11 0 54
21 27 1 58
25 13 0 53
17 7 1 52
15 3 1 46
19 10 0 48
6 21 0 53
5 23 3 53
26 11 0 47
15 28 1 55
6 21 3 53
22 2 1 43
27 12 1 48
15 16 0 52
19 12 0 50
27 4 3 45
11 17 0 54
20 1 3 47
27 9 0 50
9 19 2 58
17 17 1 50
28 23 0 50
8 4 0 46
22 6 0 44
4 25 0 52
11 10 1 48
15 17 0 51
8 26 1 52
10 2 0 45
9 10 1 49
11 24 3 53
24 22 2 52
10 28 0 56
23 6 1 47
16 15 0 53
12 12 0 54
8 26 1 53
24 9 2 45
12 13 1 49
27 13 0 45
28 14 0 46
9 9 0 46
28 22 0 49
17 18 2 51
9 0 1 44
22 26 2 52
10 0 2 44
3 12 3 49
28 25 2 52
10 20 2 53
21 0 2 45
4 11 0 51
15 6 0 46
18 5 3 44
20 0 3 40
9 1 0 43
21 10 1 44
10 17 0 49
22 26 1 50
2 28 3 52
6 15 1 49
22 18 0 50
18 14 0 49
15 26 0 53
4 12 1 49
14 12 1 50
27 11 0 47
26 17 3 50
14 18 1 50
27 25 1 50
8 24 1 51
17 5 1 43
17 4 3 42
22 17 1 47
15 10 2 46
5 15 1 48
23 20 0 48
5 28 1 52
28 25 0 50
20 9 0 46
13 18 1 50
8 8 0 48
4 10 1 49
9 20 2 53
10 17 3 50
0 1 1 43
0 1 0 43
23 22 0 49
6 0 0 42
27 21 0 47
11 16 1 48
0 1 3 42
28 0 1 38
25 13 1 45
21 21 3 49
17 1 2 42
7 22 1 51
17 25 3 52
15 27 0 54
13 1 1 45
11 17 0 49
11 21 0 49
16 5 3 43
14 21 3 49
26 21 0 47
6 11 2 46
3 13 1 46
16 11 1 46
21 11 1 44
9 14 0 47
5 8 0 46
6 13 0 48
16 6 0 44
12 3 0 43
4 11 3 47
16 25 1 52
11 27 3 50
16 1 3 40
22 27 0 49
17 16 0 47
2 25 2 49
8 24 1 48
25 3 3 38
28 8 1 40
12 1 2 39
25 26 0 48
7 12 3 46
6 12 0 46
23 17 1 46
4 26 1 49
8 8 0 46
28 25 1 48
8 21 3 49
25 8 2 41
9 21 1 48
9 5 1 42
4 11 1 44
10 2 0 40
17 12 1 44
6 12 3 44
9 27 0 48
21 9 2 41
12 24 2 47
14 7 0 42
2 28 2 49
17 26 1 49
20 6 1 42
6 10 0 44
22 8 3 56
28 7 1 57
15 22 1 59
0 2 0 56
0 2 1 56
15 22 0 59
28 7 0 57
22 8 2 56
3 6 2 54
3 2 0 53
18 23 0 58
25 2 1 55
26 27 0 58
4 25 1 58
2 3 2 52
16 0 1 51
16 9 3 55
16 1 3 54
27 8 1 57
5 1 0 55
5 1 1 55
27 8 0 57
16 1 2 54
16 9 2 55
27 3 3 55
22 0 2 54
13 3 0 53
23 18 0 56
1 11 0 54
18 21 0 56
18 28 0 57
4 5 3 51
14 17 0 56
19 28 0 59
25 26 0 60
0 2 0 55
0 2 1 55
25 26 1 60
19 28 1 59
14 17 1 56
20 23 1 58
23 21 1 57
3 3 2 51
0 22 2 56
28 0 1 54
14 0 0 51
28 2 0 53
0 7 1 52
27 15 3 56
2 18 1 57
22 4 1 56
25 3 3 57
25 3 2 57
22 4 0 56
2 18 0 57
27 15 2 56
17 0 2 53
13 9 1 54
17 22 2 57
20 0 2 52
15 7 0 53
20 9 0 53
17 3 2 51
15 0 1 50
27 17 1 56
18 1 0 53
23 19 0 57
19 28 2 60
19 28 3 60
23 19 1 57
18 1 1 53
27 17 0 56
0 13 0 54
2 4 0 51
28 5 2 54
20 10 0 53
15 28 1 57
2 1 0 50
15 2 2 51
28 2 2 52
20 17 0 54
28 0 0 54
14 3 3 53
18 1 1 55
18 1 0 55
14 3 2 53
28 0 1 54
20 17 1 54
4 0 0 50
24 22 0 56
28 1 3 53
5 3 0 50
16 16 1 53
21 16 1 53
28 2 2 53
23 5 2 52
24 11 3 53
28 17 1 55
2 10 0 53
27 15 1 57
27 15 0 57
2 10 1 53
28 17 0 55
24 11 2 53
24 22 3 55
14 2 0 51
20 17 1 53
28 8 2 53
4 13 1 53
25 28 3 56
0 16 0 53
1 8 2 51
14 16 2 53
20 6 0 53
25 3 0 53
3 21 0 56
3 21 1 56
25 3 1 53
20 6 1 53
14 16 3 53
22 17 1 53
28 4 2 53
17 1 3 51
23 6 0 53
27 15 2 53
2 22 0 55
15 0 1 50
16 20 0 52
28 12 3 53
19 10 0 53
4 14 0 52
26 2 1 53
26 2 0 53
4 14 1 52
19 10 1 53
28 12 2 53
6 10 2 50
23 27 3 56
17 0 3 51
28 3 0 53
24 28 3 56
15 5 1 51
2 24 3 54
22 5 0 50
28 12 1 52
14 19 1 53
18 17 0 52
14 19 2 54
14 19 3 54
18 17 1 52
14 19 0 53
28 12 0 52
25 15 1 53
6 2 2 50
24 20 3 55
13 21 1 55
1 17 1 52
4 22 2 53
2 20 1 52
19 22 3 53
28 15 1 52
15 19 1 52
18 3 3 50
14 13 1 53
14 13 0 53
18 3 2 50
15 19 0 52
28 15 0 52
3 23 0 54
14 20 1 54
2 18 0 54
18 2 0 50
4 11 0 49
27 0 1 50
1 17 0 51
17 8 0 50
23 0 1 49
2 12 1 50
13 0 3 48
21 9 1 52
21 9 0 52
13 0 2 48
2 12 0 50
23 0 0 49
24 21 0 53
18 8 0 51
20 1 0 49
1 11 1 50
3 10 2 50
18 0 0 48
13 2 2 48
3 5 0 48
4 0 3 46
17 10 0 49
17 2 1 48
4 8 2 49
4 8 3 49
17 2 0 48
17 10 1 49
4 0 2 46
21 2 0 49
0 22 1 52
5 15 2 49
18 1 0 48
0 0 1 47
22 24 0 52
20 3 1 49
17 10 1 49
27 7 0 49
5 4 0 46
5 2 0 46
26 14 1 50
26 14 0 50
5 2 1 46
5 4 1 46
27 7 1 49
27 7 0 49
4 4 2 46
3 26 0 52
21 27 0 52
5 4 2 46
1 4 2 46
1 9 1 48
0 2 0 46
24 18 1 49
25 3 3 48
2 1 2 46
16 4 1 48
16 4 0 48
2 1 3 46
25 3 2 48
24 18 0 49
18 9 0 48
1 21 0 50
24 17 1 49
15 12 1 49
3 6 2 46
4 0 2 44
15 18 3 49
28 16 0 49
6 24 0 49
21 1 0 46
23 0 0 46
13 1 1 46
13 1 0 46
23 0 1 46
21 1 1 46
6 24 0 49
28 14 1 49
21 2 0 47
0 8 3 47
4 17 0 49
16 20 0 49
1 5 0 46
16 2 1 46
26 16 1 49
3 26 0 58
7 0 2 55
3 11 2 54
1 8 0 52
6 12 0 54
5 20 2 53
8 28 0 55
16 0 2 -3
22 7 0 24
27 0 0 47
25 2 0 45
18 1 0 35
16 4 3 25
27 16 2 19
20 21 1 100
27 22 2 76
8 13 1 56
6 5 0 55
6 0 0 53
15 14 2 55
1 0 2 51
2 11 0 51
11 2 0 33
14 27 0 72
15 1 0 46
28 14 2 49
12 27 2 163
20 1 0 51
25 23 0 76
25 1 0 47
18 1 0 47
18 0 0 60
0 2 2 53
11 17 0 56
8 1 3 54
5 0 1 52
7 9 2 53
8 7 0 52
23 26 2 30
15 28 0 79
23 9 2 35
24 8 0 56
4 6 3 68
25 19 1 81
26 17 2 52
28 17 2 56
28 4 0 54
28 4 0 58
6 13 0 55
2 8 0 53
5 14 1 54
7 5 2 52
6 5 0 52
28 5 3 37
11 4 0 23
16 26 2 72
17 1 2 33
19 0 2 53
19 0 2 59
25 24 2 104
25 8 2 50
1 8 1 65
7 0 3 71
8 0 1 72
7 1 2 54
2 16 0 54
2 6 3 52
0 12 0 52
8 7 2 53
8 1 2 51
19 26 1 42
27 21 2 34
11 0 0 28
10 5 3 47
19 3 0 48
21 7 0 47
24 7 0 53
4 23 1 69
8 6 1 72
9 21 3 77
6 22 3 56
6 22 0 56
2 8 3 52
4 28 3 56
3 6 3 51
2 20 3 52
11 10 0 51
24 20 3 74
17 9 2 42
28 21 0 29
19 8 1 29
24 15 0 36
23 7 0 54
5 23 0 67
28 11 0 56
1 26 1 78
4 21 1 55
11 16 1 55
3 8 1 52
8 6 1 53
7 21 0 54
6 4 0 51
3 17 2 52
10 8 0 50
17 6 2 42
28 20 3 27
16 27 1 48
22 12 0 21
23 9 0 52
26 9 1 52
24 6 2 59
6 27 1 78
0 1 3 52
0 0 2 51
6 7 0 52
5 9 0 52
7 2 0 51
4 3 3 50
5 19 3 52
1 28 1 53
5 13 3 51
23 13 3 46
17 14 0 7
13 3 2 29
16 1 2 46
9 21 1 62
28 12 0 51
28 4 2 57
2 11 1 52
15 15 3 54
5 14 0 52
0 12 0 50
7 13 0 52
3 20 2 52
1 16 1 51
6 2 0 50
0 0 1 48
11 11 0 50
22 1 0 18
18 1 2 -26
24 15 0 31
27 17 0 52
27 7 2 46
27 14 0 59
3 8 2 52
0 12 2 51
7 12 3 52
2 22 0 53
2 1 2 49
1 1 0 49
8 11 1 52
3 5 1 49
3 0 3 48
5 25 0 50
21 12 3 55
15 2 3 -20
23 16 0 12
25 15 0 39
28 3 2 42
27 10 0 48
2 9 0 51
7 23 0 55
7 2 0 51
11 16 3 52
3 21 1 52
0 28 3 52
8 20 0 52
7 25 0 53
14 19 0 49
17 19 0 43
18 20 0 27
28 23 1 0
27 0 1 -40
26 19 0 24
28 18 0 38
28 2 2 41
4 15 0 52
1 8 0 50
3 11 3 51
7 11 2 51
2 12 0 49
8 20 0 51
8 3 0 48
11 22 0 41
15 22 0 24
24 6 3 -69
19 21 0 19
15 26 2 46
28 26 3 42
28 24 0 34
27 21 0 32
26 1 2 17
0 12 0 50
11 12 2 52
3 23 1 52
2 28 2 52
3 5 1 47
4 8 1 47
9 25 0 47
13 24 0 23
26 12 1 -73
17 24 0 20
15 28 0 53
19 9 2 24
16 4 0 -12
15 26 3 78
25 9 3 -32
25 0 2 1
8 22 0 53
2 4 2 49
6 0 1 49
5 3 2 48
3 15 2 49
8 25 0 48
11 26 0 20
13 26 0 25
11 20 1 -69
16 1 0 -41
23 17 2 45
9 2 2 61
28 23 3 27
27 3 2 -27
10 20 2 -9
14 28 1 71
2 18 0 50
4 22 0 51
0 8 0 47
3 5 2 47
5 27 0 50
9 27 0 34
14 25 0 13
27 27 1 -28
24 10 2 -77
17 26 0 25
26 18 2 53
24 10 1 53
12 3 0 28
12 27 3 76
24 5 2 -22
23 6 1 -23
4 18 1 50
7 1 0 49
5 22 0 50
2 7 0 46
8 25 0 47
12 25 0 15
26 9 3 -92
25 26 2 -25
24 10 2 -67
22 12 2 12
17 16 2 67
18 18 0 49
23 0 3 -16
24 23 3 41
15 26 2 76
14 28 3 76
18 14 3 45
5 0 0 64
7 2 0 52
10 1 1 52
5 13 2 23
12 2 1 48
13 12 3 22
12 0 0 53
2 0 3 53
1 3 3 62
28 24 0 103
22 1 0 50
11 13 1 22
0 7 2 25
27 1 0 50
0 9 0 23
15 7 0 52
17 12 2 50
4 2 0 52
18 10 2 32
9 3 0 51
1 11 1 21
7 10 3 22
13 13 1 23
15 2 0 49
27 22 3 102
16 1 3 61
23 9 2 42
25 4 0 48
1 6 3 23
0 6 3 24
5 10 2 22
2 12 2 55
1 15 3 55
14 3 1 65
0 17 1 37
4 0 2 48
8 10 2 22
26 2 1 52
6 3 1 47
14 3 0 55
27 21 3 100
17 2 3 59
22 10 2 32
22 12 1 26
28 6 0 50
2 10 1 21
9 13 3 19
0 6 0 57
12 11 1 55
15 8 1 53
5 5 0 53
13 5 1 49
8 24 2 76
16 11 2 25
2 3 1 36
3 0 1 58
18 10 3 56
28 24 0 105
22 9 0 30
17 21 1 19
24 3 0 44
5 14 3 19
5 13 3 19
1 7 0 58
26 0 2 84
6 10 1 57
13 13 2 55
7 7 0 55
14 14 2 47
10 7 0 52
15 6 0 51
15 7 0 57
16 11 3 59
18 12 2 59
21 7 0 45
4 1 0 -3
25 8 0 36
28 8 0 49
2 7 2 21
8 13 1 57
27 3 3 87
2 12 3 58
2 12 2 58
9 11 1 56
8 10 0 57
9 10 0 57
8 15 3 59
26 0 2 87
9 13 3 59
26 20 0 102
20 9 2 44
15 1 3 0
23 26 2 25
25 5 0 46
3 14 3 18
0 10 0 58
2 7 3 59
28 4 0 87
8 13 3 57
8 11 0 58
7 12 0 59
27 0 3 88
3 9 2 62
2 7 2 61
14 12 0 58
5 2 2 73
21 11 0 52
17 22 3 33
27 20 2 25
21 14 3 28
26 20 1 61
5 12 0 56
9 13 2 56
4 12 1 58
6 13 0 58
8 13 0 59
1 14 1 62
0 7 2 62
0 15 1 62
7 9 2 58
16 12 0 54
19 11 0 49
21 14 0 46
10 26 1 37
19 25 1 24
25 9 0 37
28 8 0 46
15 11 1 54
2 14 2 57
5 13 2 58
0 9 0 60
16 10 0 59
10 10 3 57
15 13 0 58
8 16 0 55
17 13 0 51
11 16 0 43
19 15 0 46
19 18 3 42
6 26 3 47
17 16 2 14
23 7 1 35
17 5 0 17
2 16 0 53
12 13 1 54
8 10 2 56
15 13 0 57
7 24 1 99
9 7 2 57
11 17 0 53
11 17 0 40
0 22 0 62
14 19 0 44
25 11 0 57
14 3 0 26
15 21 2 52
12 2 0 27
6 24 3 46
17 5 2 18
0 1 3 50
11 8 2 47
7 18 0 53
10 18 0 52
12 18 0 48
10 7 3 22
22 25 0 52
18 9 2 1
16 20 2 47
18 22 3 41
14 2 0 18
3 24 0 60
8 2 2 35
28 2 3 30
2 6 2 2
22 1 0 38
0 21 0 44
10 7 3 12
14 6 3 12
1 1 3 8
8 28 0 64
10 0 3 31
10 21 1 45
15 12 0 1
17 12 0 -2
26 19 1 36
2 5 1 4
21 21 0 41
25 26 0 58
26 1 1 29
6 3 2 17
28 15 3 20
15 26 0 35
9 28 1 40
5 23 0 33
22 22 0 38
8 27 0 60
13 2 3 22
5 0 2 16
19 23 0 43
17 22 1 38
16 19 3 37
19 23 2 46
26 18 1 49
27 21 0 49
8 3 3 23
18 8 2 -3
20 9 0 -15
6 6 3 -23
13 9 2 -21
7 22 1 28
4 5 2 -3
10 6 3 6
7 8 3 -6
11 22 1 36
25 23 1 37
9 21 2 32
3 12 2 -9
14 27 0 53
10 5 3 20
23 25 0 42
1 5 1 1
26 25 0 39
28 23 2 28
6 28 1 10
5 4 3 -27
11 7 3 -25
6 27 0 34
17 12 1 -21
0 17 1 -17
27 19 1 25
5 21 0 20
8 22 1 26
14 21 1 28
17 10 0 -13
22 23 1 33
26 19 3 34
1 4 2 -2
26 24 2 34
28 23 2 33
12 5 0 -29
15 25 3 20
7 6 0 -20
12 22 2 4
1 3 1 -22
8 1 1 4
22 18 0 20
17 28 3 33
14 28 0 37
17 20 2 23
19 22 3 25
8 5 3 -6
5 1 3 3
22 26 0 30
8 28 1 45
18 0 2 -21
16 11 2 55
17 24 0 59
19 21 2 57
23 8 1 53
20 21 0 58
20 3 1 50
13 5 1 51
20 14 1 54
9 10 1 52
11 21 1 56
24 8 3 52
18 2 3 50
1 18 1 53
23 1 0 50
20 25 1 60
10 28 0 58
5 9 3 52
1 0 0 49
6 21 0 54
3 4 0 50
16 18 1 53
7 27 1 55
16 20 1 55
23 23 2 61
6 2 1 48
15 9 1 51
5 9 3 51
5 3 1 49
20 14 2 54
2 23 0 53
22 4 1 51
21 4 3 51
8 9 0 51
17 25 2 58
26 10 1 53
17 7 1 51
1 11 2 50
17 19 1 54
22 8 1 51
17 12 0 53
0 4 2 47
8 28 1 55
25 8 2 51
18 24 3 55
6 23 3 53
11 9 0 50
11 18 0 53
11 3 1 48
10 24 1 56
10 10 0 51
9 25 0 54
21 10 2 51
3 20 1 52
17 0 2 47
1 16 3 50
4 10 0 50
13 3 0 46
20 6 0 49
15 8 1 49
21 1 0 47
8 25 1 52
18 20 0 53
9 8 0 48
27 4 0 48
27 2 0 48
2 0 0 47
13 26 2 55
27 28 0 63
24 2 1 47
28 21 0 59
20 5 0 48
26 5 0 48
17 5 1 47
3 10 3 47
7 1 1 44
15 22 0 52
13 11 1 48
15 8 1 48
24 8 1 47
4 6 1 46
25 26 0 63
8 14 1 50
18 5 0 48
22 27 0 60
5 0 1 45
23 10 0 50
1 3 2 44
2 9 2 46
6 17 0 48
20 0 1 43
19 12 1 48
21 9 0 47
0 11 2 46
17 17 3 49
8 2 0 44
1 15 0 46
13 22 0 54
23 1 0 47
18 0 1 46
19 22 0 53
4 10 0 47
19 20 3 53
5 9 1 47
9 26 0 52
13 4 1 45
5 10 2 46
24 7 1 46
28 9 0 47
14 15 1 47
22 11 0 47
21 21 0 51
0 19 1 46
6 21 1 51
28 25 0 61
23 23 0 56
0 7 1 45
5 10 1 46
16 15 0 49
6 17 0 48
1 3 0 44
22 10 0 47
26 7 0 46
14 5 2 44
23 26 0 55
8 19 0 47
28 13 0 48
27 7 1 43
18 4 0 40
16 11 0 49
1 8 0 47
4 22 0 50
12 24 2 52
13 20 0 50
15 27 0 53
8 1 1 44
7 5 0 43
26 10 2 46
26 8 1 46
27 18 1 52
5 1 1 41
21 21 1 49
7 19 0 44
10 19 0 44
28 24 1 53
2 9 1 47
21 22 0 54
2 7 1 45
10 24 0 51
16 1 1 44
6 15 3 46
22 13 1 48
25 0 0 43
6 15 2 46
2 21 1 46
17 19 2 47
22 8 3 44
22 4 2 41
14 5 0 40
24 26 0 51
16 21 2 44
23 9 1 48
15 7 0 47
4 22 2 49
8 0 1 43
17 13 2 47
14 5 1 43
21 5 0 44
8 4 0 43
21 25 0 52
16 25 2 49
9 8 1 41
25 25 0 53
17 13 2 42
13 13 0 39
21 1 1 34
21 8 1 38
1 25 0 49
1 2 0 43
8 28 3 49
22 3 1 44
16 3 0 43
14 5 0 43
21 14 0 46
27 3 0 41
21 22 0 48
14 14 1 44
16 17 2 44
23 2 1 38
20 26 0 47
7 10 1 37
14 14 0 37
26 19 0 42
1 28 0 42
5 2 1 43
11 2 1 42
14 23 2 49
10 5 3 42
0 1 0 40
12 25 0 47
21 5 1 41
26 7 0 42
4 0 0 38
25 28 1 54
26 22 0 48
14 2 2 34
15 24 0 40
6 3 1 31
22 19 0 37
0 28 0 29
2 25 0 46
16 17 2 47
13 5 1 42
11 2 0 41
28 6 1 42
12 16 0 43
5 10 1 41
2 11 1 40
16 28 0 46
21 4 2 38
19 21 0 42
20 26 0 43
13 3 0 31
4 15 1 32
17 15 2 32
28 19 3 -14
1 26 0 44
14 7 2 42
14 2 0 41
7 3 1 40
24 20 0 49
14 11 2 41
14 5 0 39
22 22 0 47
4 10 1 37
26 14 0 41
15 4 0 34
2 20 0 34
26 13 0 34
4 21 1 32
22 5 2 29
2 24 1 -13
0 28 0 36
2 25 0 44
7 19 0 44
19 4 1 41
17 18 2 43
8 21 2 42
25 23 0 49
19 6 0 38
21 14 0 40
22 28 0 46
19 4 0 32
23 20 0 38
12 17 0 31
5 6 0 27
22 10 0 28
23 8 1 53
25 17 3 53
23 17 1 54
4 3 2 51
4 3 3 51
23 17 0 54
25 17 2 53
23 8 0 53
5 8 1 51
5 1 3 50
27 28 1 54
18 17 1 53
17 0 1 51
23 23 2 53
27 3 3 53
4 1 3 50
5 18 0 51
22 2 0 52
0 2 2 53
28 17 3 55
28 17 2 55
0 2 3 53
22 2 1 52
5 18 1 51
5 8 0 50
5 0 0 49
28 12 1 53
5 26 3 51
24 1 2 51
14 4 2 52
24 1 1 52
4 6 0 50
18 10 0 52
16 11 1 52
5 16 0 52
4 2 2 52
4 2 3 52
5 16 1 52
16 11 0 52
18 10 1 52
16 15 2 51
25 13 1 52
21 17 1 52
23 23 2 52
25 2 2 51
14 5 2 51
5 8 1 50
28 10 0 52
21 0 3 50
0 9 3 52
5 1 2 50
13 0 1 53
13 0 0 53
5 1 3 50
0 9 2 52
21 0 2 50
27 11 0 52
17 0 2 50
27 13 3 52
2 5 1 50
22 0 3 50
4 12 2 51
23 16 2 52
18 11 3 52
13 0 0 50
27 16 1 52
14 2 3 52
21 1 3 53
21 1 2 53
14 2 2 52
27 16 0 52
13 0 1 50
0 3 1 50
25 16 2 51
26 18 0 51
27 26 0 51
13 24 0 50
6 18 0 50
15 0 0 50
25 27 2 52
15 4 1 50
26 1 0 50
23 1 0 51
26 1 0 52
26 1 1 52
23 1 1 51
26 1 1 50
15 4 0 50
1 10 0 50
3 12 3 50
25 3 3 50
27 17 3 52
23 12 3 51
15 4 3 50
20 18 0 51
14 24 1 50
26 28 0 51
5 28 0 50
2 2 2 50
4 25 0 51
4 25 1 51
2 2 3 50
5 28 1 50
26 28 1 51
25 4 0 50
5 0 2 47
0 24 1 50
2 28 2 50
0 1 0 49
28 8 1 50
13 4 0 50
25 12 1 50
18 4 1 50
2 28 3 50
4 16 0 51
28 13 3 53
28 13 2 53
4 16 1 51
2 28 2 50
18 4 0 50
4 13 3 50
3 26 0 50
24 7 1 50
5 1 2 47
5 2 3 47
0 3 2 49
15 10 2 50
28 12 2 50
16 2 3 50
28 10 1 51
25 26 0 51
6 11 2 51
6 11 2 51
25 26 1 51
28 10 0 51
16 2 2 50
21 17 0 51
5 4 3 47
5 3 1 47
24 3 3 50
21 11 1 50
18 10 1 50
21 14 3 50
18 4 0 50
19 4 1 50
25 27 0 51
3 2 0 49
3 6 0 51
3 6 1 51
3 2 1 49
25 27 1 51
19 4 0 50
3 24 1 50
6 22 2 50
28 9 2 50
1 28 1 50
17 9 0 50
0 2 2 49
15 22 2 50
5 1 0 47
5 21 2 50
22 17 0 51
23 25 3 51
25 28 1 52
25 28 0 52
23 25 2 51
22 17 1 51
5 21 3 50
22 0 1 50
16 3 2 50
15 2 3 50
20 4 2 50
17 10 2 50
19 17 3 49
26 16 0 50
6 18 2 49
14 5 0 51
13 4 3 51
28 17 0 51
5 26 0 50
5 26 1 50
28 17 1 51
13 4 2 51
14 5 1 51
3 9 1 50
1 9 0 50
1 9 2 50
22 1 2 50
21 4 3 50
13 5 0 49
1 28 2 50
5 1 2 47
23 3 0 51
16 2 3 50
23 1 2 50
4 26 2 51
4 26 3 51
23 1 3 50
16 2 2 50
23 3 1 51
18 1 3 50
20 2 2 50
13 4 3 50
5 11 0 50
26 18 3 52
0 21 3 50
15 3 0 50
20 16 1 50
25 3 0 50
14 1 3 50
5 8 2 49
4 1 2 51
4 1 3 51
5 8 3 49
14 1 2 50
25 3 1 50
16 10 1 52
22 24 2 51
6 27 2 50
16 2 2 50
16 13 2 51
17 14 0 51
15 2 1 50
17 16 2 50
20 4 0 50
24 3 0 50
18 14 3 51
4 22 2 52
4 22 3 52
18 14 2 51
24 3 1 50
20 4 1 50
3 17 0 50
0 2 1 50
24 28 1 51
13 8 0 50
25 3 3 49
15 22 1 50
20 13 3 50
13 12 1 50
24 11 2 51
14 12 3 51
3 3 1 50
5 2 2 49
5 2 3 49
3 3 0 50
14 12 2 51
24 11 3 51
6 18 2 50
0 22 3 50
5 24 2 49
1 0 2 48
13 13 0 50
5 2 0 47
13 3 0 49
26 16 0 50
0 5 3 53
23 15 3 32
4 0 3 52
4 1 3 51
4 9 0 36
10 5 2 20
24 24 3 -94
17 18 0 -84
6 23 1 36
27 24 1 11
19 4 2 53
11 5 1 70
6 14 1 59
15 19 2 -18
14 28 3 -19
10 4 0 79
20 21 3 32
0 15 0 53
2 1 0 51
17 27 1 33
7 1 0 23
8 7 0 21
7 14 1 25
10 11 2 29
6 26 1 43
13 2 2 58
19 0 2 69
15 28 1 -41
25 3 2 23
23 2 0 51
12 28 1 0
23 4 3 45
19 23 1 32
19 27 3 32
22 23 0 31
4 3 0 50
8 1 0 21
22 28 1 -94
1 14 0 -74
13 19 2 -71
12 17 0 36
17 3 0 50
5 0 2 72
21 3 0 31
23 3 0 29
8 5 1 76
16 17 2 -15
23 3 3 65
0 4 3 51
2 0 0 51
2 4 0 50
4 7 0 50
12 5 3 14
7 15 2 18
10 6 1 22
8 23 0 20
2 15 3 60
15 27 0 50
2 10 0 72
6 7 0 55
5 23 1 53
28 0 1 15
27 5 0 32
26 3 1 35
0 2 2 50
20 24 3 31
20 16 3 30
5 7 0 36
10 3 1 15
1 11 1 -80
9 5 0 19
11 12 2 32
26 21 3 44
12 28 3 57
19 6 0 46
21 9 0 27
27 3 3 20
23 5 3 31
11 28 0 -17
13 22 1 -37
3 0 3 50
3 2 0 50
16 19 3 33
5 11 0 24
10 4 3 15
20 18 1 -100
10 9 0 20
16 7 0 -31
12 19 2 54
26 27 0 46
5 24 3 48
14 28 0 -44
10 13 0 78
25 9 0 31
11 28 2 -17
26 21 2 -38
20 27 0 30
19 28 1 31
0 28 0 50
4 24 0 14
2 1 0 -81
7 9 3 17
12 3 0 17
16 7 2 -18
15 11 0 46
25 28 0 50
23 11 1 17
21 10 0 36
17 2 0 40
15 18 1 55
27 11 0 23
26 20 2 -21
22 17 2 29
2 2 0 49
5 3 0 46
10 10 3 19
18 20 2 -99
22 28 3 -97
12 4 0 15
11 28 2 -39
15 9 2 31
1 19 1 70
22 14 1 52
21 14 0 50
16 17 0 63
1 15 2 78
3 23 2 71
28 5 1 31
2 4 3 50
19 23 3 29
3 13 0 39
22 26 2 -98
7 12 1 18
8 5 3 19
24 11 0 -29
27 10 0 12
15 16 0 44
15 25 2 55
3 4 3 76
0 9 2 78
0 6 1 78
16 23 3 59
4 8 2 61
28 7 1 22
2 0 2 48
20 18 3 29
3 16 0 36
20 19 1 -98
9 1 3 16
8 18 0 42
11 18 0 30
14 17 1 46
9 6 2 162
2 10 3 73
4 1 1 76
22 17 0 57
0 2 3 78
16 24 3 60
15 13 1 61
25 18 1 -45
3 0 3 49
19 23 3 29
3 18 2 35
10 9 0 21
8 18 0 35
5 24 3 21
4 7 3 43
12 5 0 145
16 20 0 55
20 15 0 54
19 19 0 57
21 19 0 57
3 1 1 78
17 25 3 59
12 19 1 64
18 5 3 -30
0 3 0 49
0 13 2 49
14 6 3 26
5 21 0 19
9 14 3 20
5 15 3 26
1 22 3 42
13 25 2 55
16 24 0 56
22 20 2 55
17 25 0 59
23 16 2 57
22 17 1 57
0 22 0 79
26 14 2 47
16 7 1 -26
0 10 0 50
0 21 0 50
4 14 0 30
9 6 1 22
15 28 2 -86
21 0 1 -7
24 26 0 16
1 21 3 64
16 24 0 55
21 18 0 56
19 24 0 57
1 1 1 78
21 17 1 57
3 5 0 77
26 24 0 42
13 26 3 -30
23 16 1 29
15 20 3 32
5 12 0 23
7 8 3 23
12 16 1 8
28 25 3 -4
28 7 1 81
1 22 1 64
16 25 0 54
18 22 0 56
0 9 3 77
22 20 3 57
17 28 0 58
18 17 1 55
11 22 1 33
12 23 3 -24
0 12 1 50
1 22 0 49
5 16 0 24
7 4 3 30
6 6 0 44
15 12 2 25
12 28 0 40
13 26 0 50
15 26 0 55
21 17 0 55
22 19 0 56
19 27 1 58
10 10 2 169
10 9 1 170
6 5 2 63
23 28 2 -44
4 1 2 49
16 14 3 34
12 1 3 23
4 16 1 36
8 27 0 31
11 26 0 39
23 4 3 122
12 0 0 148
11 6 2 159
19 15 2 55
0 15 1 77
0 4 0 76
23 28 0 53
18 16 1 57
15 16 1 61
7 16 1 72
10 19 3 31
23 19 2 26
12 3 0 39
21 13 1 33
14 3 3 42
7 7 3 60
13 0 1 43
9 11 1 53
7 7 1 56
10 7 2 58
13 15 0 50
4 12 0 62
11 16 0 47
22 8 2 43
12 7 1 60
25 23 0 43
10 0 1 16
2 11 3 37
2 17 0 45
10 19 0 33
5 1 1 40
10 13 2 45
7 22 2 47
6 19 1 49
7 7 3 54
13 4 1 43
3 1 0 46
9 14 3 48
21 9 2 45
6 17 0 59
2 25 1 73
23 20 3 36
8 1 3 37
1 3 0 30
22 19 1 16
6 4 3 33
4 22 3 28
10 19 0 31
6 9 1 49
20 17 1 38
10 20 1 45
17 3 0 36
20 18 3 32
16 4 0 36
10 12 0 45
8 22 1 50
21 12 2 50
26 22 0 45
1 15 0 54
1 13 3 51
10 0 2 19
11 11 1 28
5 14 2 27
5 15 0 31
13 1 0 21
10 4 0 42
7 19 1 38
16 4 3 32
14 4 0 35
11 11 0 41
6 19 2 54
13 0 2 43
9 10 2 66
26 22 0 38
0 16 0 33
4 5 2 43
22 11 0 28
3 19 1 41
12 0 2 14
15 26 2 19
15 8 1 33
20 15 2 29
8 20 0 44
25 6 3 16
14 1 1 23
15 0 0 31
23 8 2 39
23 8 3 45
7 22 1 61
26 22 0 27
8 12 2 10
10 1 1 11
3 9 0 32
8 1 0 16
10 17 0 19
6 17 2 30
22 22 2 24
19 17 3 29
20 12 3 27
10 4 2 31
2 16 2 49
10 14 1 42
22 5 2 43
14 15 0 59
21 22 3 56
26 28 1 10
2 5 1 8
10 3 3 21
10 3 3 16
7 1 2 12
16 4 2 16
22 5 2 17
6 5 2 37
12 1 3 26
16 27 1 31
20 20 2 33
12 3 0 33
7 19 0 44
4 19 2 57
7 16 2 64
5 7 2 62
26 28 3 8
23 7 2 2
26 11 0 9
8 7 3 32
12 15 0 19
6 5 0 37
10 13 0 32
3 11 1 49
11 0 2 28
20 23 3 32
18 8 3 33
23 13 0 26
10 23 0 46
9 3 2 57
18 8 2 61
8 28 2 60
27 21 0 14
2 17 0 15
1 11 2 32
7 20 2 31
8 5 0 29
2 22 0 49
12 3 2 35
7 7 0 49
10 6 0 49
12 4 3 40
5 16 2 38
12 6 2 44
19 20 0 40
23 7 2 44
6 17 1 62
3 16 1 67
3 22 3 10
0 19 1 17
23 19 2 1
1 23 0 38
0 22 3 43
23 10 0 23
5 14 1 46
7 20 2 46
15 9 1 39
11 8 2 46
22 1 2 40
12 16 3 43
2 15 1 54
9 23 3 42
4 18 0 61
26 17 0 29
18 10 3 -9
17 6 2 9
23 20 0 3
14 2 3 9
20 15 2 18
8 7 0 36
9 6 3 38
5 21 2 41
5 27 3 51
23 10 2 33
18 5 3 53
9 24 1 44
9 4 1 45
21 6 2 33
14 8 3 55
27 19 0 29
1 26 1 8
3 27 3 23
26 7 2 -3
15 0 3 11
22 11 2 17
20 3 3 28
5 19 3 30
2 22 0 42
6 15 0 45
0 3 0 35
8 2 0 41
2 6 3 37
11 16 1 40
10 20 2 47
1 16 1 65
3 22 3 14
24 18 3 -20
8 27 3 16
23 7 2 -5
8 24 0 25
6 12 1 44
4 7 2 38
9 23 0 32
6 1 3 37
16 18 0 32
0 11 3 59
10 9 0 42
1 23 2 56
22 12 3 30
6 16 0 48
25 22 0 42
4 5 3 0
27 26 0 11
11 8 1 17
8 3 2 18
22 24 2 14
25 18 1 16
1 15 0 40
19 21 1 28
13 2 0 35
10 3 1 36
18 7 3 36
15 16 2 31
3 11 3 49
22 20 0 32
12 27 2 48
24 27 0 28
28 22 0 24
28 27 0 48
26 7 0 -3
4 20 2 35
4 17 3 30
20 11 0 23
2 14 2 34
20 24 1 30
7 16 0 37
4 5 1 42
13 3 2 35
6 12 1 52
1 12 1 52
1 9 2 58
22 28 0 32
27 22 0 24
27 27 0 33
23 8 1 70
2 4 1 33
9 25 3 29
17 2 2 16
2 17 0 38
1 23 3 44
19 12 1 27
8 13 2 36
17 1 1 23
21 6 0 36
6 6 2 48
23 18 0 33
9 1 1 45
28 22 3 54
26 6 2 -18
28 8 3 66
6 18 1 78
5 1 0 -17
9 24 0 -5
4 6 0 46
9 8 1 52
26 28 1 66
18 27 1 66
25 14 1 63
20 11 0 59
27 9 0 59
16 23 0 59
21 6 0 51
10 10 0 43
11 6 0 39
14 25 0 51
26 20 0 52
17 3 0 39
0 1 1 56
1 1 0 40
3 6 0 43
26 22 0 66
18 0 0 51
15 10 3 56
25 6 0 58
11 1 0 44
11 25 0 57
9 12 0 45
28 21 1 57
18 2 0 42
8 6 0 36
10 12 0 39
21 13 1 47
27 22 1 50
2 8 2 26
5 8 1 9
3 6 2 40
28 14 2 62
25 18 3 63
19 13 1 59
28 12 1 61
15 28 0 60
19 17 1 56
17 5 0 45
9 4 0 36
28 17 3 50
28 7 0 46
21 25 0 48
24 12 2 45
28 6 0 44
5 3 0 -26
1 5 1 23
3 5 0 43
19 18 0 61
20 2 0 51
10 4 0 44
25 0 1 51
12 12 0 48
27 19 3 56
16 5 0 41
7 8 2 35
21 25 0 50
25 13 0 46
25 23 3 49
23 13 0 45
26 3 3 39
0 8 0 41
1 22 2 -19
3 2 0 19
22 1 0 51
24 5 0 55
28 27 1 59
15 24 0 57
3 21 0 45
18 1 0 41
7 17 0 40
12 4 0 34
16 24 0 48
7 19 2 36
13 26 0 44
6 27 2 38
27 11 1 40
3 6 0 -1
2 6 2 43
3 10 0 39
10 3 2 43
7 8 0 45
9 2 0 40
26 16 1 56
7 18 2 43
19 16 0 49
23 6 0 44
18 0 0 34
18 3 0 35
27 20 3 45
23 27 2 45
7 6 3 28
11 18 0 35
1 22 1 -43
0 15 0 50
18 5 0 52
13 12 2 50
12 25 0 57
24 4 2 50
21 16 2 54
11 15 0 44
20 24 0 52
16 15 0 44
23 4 0 40
2 20 2 31
17 10 2 36
11 26 2 39
20 10 0 37
24 16 0 42
1 22 3 -43
1 12 0 42
27 27 2 59
15 25 3 58
24 21 1 58
14 24 2 53
13 23 0 51
7 15 0 38
6 3 0 30
18 17 0 44
15 6 0 32
11 20 0 36
8 23 0 35
20 26 1 43
9 1 0 24
24 25 3 42
3 13 3 -46
1 15 0 49
23 24 0 59
20 0 0 45
12 26 2 54
23 11 0 50
8 0 2 32
8 5 2 32
20 22 1 48
6 12 2 30
20 24 3 44
9 8 2 27
9 5 0 24
5 17 3 28
26 15 1 40
6 24 1 34
17 5 2 -37
2 14 0 45
26 22 1 60
7 17 2 45
12 2 0 38
25 22 2 54
13 18 2 45
8 16 0 37
27 20 1 46
26 19 3 44
22 22 3 43
13 24 0 39
26 0 3 31
8 19 1 30
24 13 0 38
23 16 3 39
0 13 0 24
1 22 2 45
9 10 0 44
24 11 0 53
18 0 0 39
5 28 2 45
13 11 0 39
10 27 2 44
7 10 2 29
26 22 1 43
21 26 1 42
26 0 0 31
10 16 0 31
28 7 1 36
6 8 3 23
7 10 1 26
0 19 0 54
1 24 0 45
9 5 0 41
6 7 0 38
8 5 0 35
16 18 0 47
11 1 0 28
28 8 0 41
23 28 1 43
10 25 2 37
8 6 0 22
23 10 3 34
12 7 0 25
20 23 3 38
19 22 1 40
9 26 1 36
2 17 0 50
14 5 0 43
9 17 2 45
18 25 2 52
13 16 2 43
22 5 0 41
11 5 0 29
9 7 0 28
15 26 2 40
14 18 0 34
17 2 2 25
17 2 3 26
27 26 1 39
5 17 0 25
6 8 2 22
20 16 0 37
1 23 0 46
10 4 0 40
9 28 0 51
18 6 0 41
17 6 0 38
19 20 0 45
11 17 1 34
16 16 2 37
26 4 2 34
28 10 2 37
7 1 1 19
9 1 0 19
16 28 0 39
4 14 3 24
14 23 0 37
6 7 2 24
17 26 2 57
15 8 0 44
11 20 0 47
5 27 2 42
1 25 0 33
25 13 3 42
21 1 0 32
14 7 2 29
19 17 0 38
21 7 1 33
13 27 2 37
25 13 1 36
6 0 2 19
16 24 1 39
13 28 1 39
20 27 2 41
23 14 1 55
28 23 3 53
27 17 1 50
23 22 0 49
28 18 1 44
20 28 0 43
1 26 0 30
25 13 1 39
10 0 2 20
18 25 1 39
23 15 3 38
11 17 2 30
22 26 1 40
22 24 0 40
12 1 3 22
2 20 2 27
5 9 2 50
15 4 0 51
18 5 0 52
4 2 2 51
4 2 3 51
18 5 1 52
15 4 1 51
5 9 3 50
19 0 2 51
25 28 0 52
23 2 0 50
28 2 0 50
2 8 2 50
22 16 1 51
4 1 2 49
25 0 0 50
28 16 2 53
4 10 2 52
27 19 2 54
25 24 3 54
25 24 2 54
27 19 3 54
4 10 3 52
28 16 3 53
1 25 1 53
3 13 2 53
14 21 2 53
22 26 0 53
13 5 3 51
2 26 1 52
24 21 3 53
24 2 3 50
22 22 1 54
3 25 2 53
13 9 0 51
14 6 0 52
14 6 1 52
13 9 1 51
3 25 3 53
22 22 0 54
2 13 3 53
18 11 2 53
22 1 2 52
5 0 2 51
28 13 3 53
18 2 0 50
2 0 2 50
3 7 2 49
13 6 3 51
17 15 1 53
20 15 0 53
18 6 3 52
18 6 2 52
20 15 1 53
17 15 0 53
13 6 2 51
5 5 2 50
27 23 0 54
18 5 3 50
3 0 3 50
13 6 2 51
18 10 1 51
27 18 3 53
16 14 1 51
14 23 1 53
16 0 3 51
3 11 1 52
28 6 3 53
28 6 2 53
3 11 0 52
16 0 2 51
14 23 0 53
28 11 2 53
0 0 1 52
18 6 3 50
27 23 0 53
26 27 0 53
5 14 1 52
28 15 2 53
21 10 3 50
5 9 1 50
3 18 1 52
0 10 1 50
2 24 3 54
2 24 2 54
0 10 0 50
3 18 0 52
5 9 0 50
13 23 1 53
15 4 3 50
20 10 2 51
18 5 0 51
16 2 2 50
27 11 0 52
0 5 0 50
19 4 0 50
16 1 3 50
22 24 2 51
16 10 1 50
2 8 3 50
2 8 2 50
16 10 0 50
22 24 3 51
16 1 2 50
0 19 0 52
4 9 1 49
20 13 0 51
28 6 0 50
1 3 1 50
26 16 0 51
5 6 2 48
3 8 1 49
15 28 0 51
4 15 3 51
25 10 1 49
1 28 3 51
1 28 2 51
25 10 0 49
4 15 2 51
15 28 1 51
14 22 3 51
16 13 1 50
1 12 1 50
18 5 1 49
18 2 1 49
13 23 2 51
3 8 2 48
25 26 3 50
14 21 2 51
15 6 3 48
17 7 1 48
26 10 3 50
26 10 2 50
17 7 0 48
15 6 2 48
14 21 3 51
2 1 3 49
19 20 2 51
24 11 2 50
24 20 1 51
27 10 2 50
16 7 0 49
6 1 2 48
4 20 3 49
21 24 1 51
15 6 2 48
3 24 1 51
5 17 2 50
5 17 3 50
3 24 0 51
15 6 3 48
21 24 0 51
23 14 1 51
27 16 0 51
22 1 2 49
20 24 3 51
20 0 2 49
26 23 3 51
0 1 3 48
18 12 2 49
3 21 1 51
15 7 1 48
23 12 2 50
24 18 3 51
24 18 2 51
23 12 3 50
15 7 0 48
3 21 0 51
6 28 0 50
23 0 1 49
3 26 1 51
20 13 2 50
24 26 2 51
16 11 0 48
3 20 2 51
4 22 1 50
18 2 0 48
13 21 1 50
2 10 0 48
15 6 2 48
15 6 3 48
2 10 1 48
13 21 0 50
18 2 1 48
26 10 1 49
22 0 3 49
26 15 1 50
26 12 2 49
19 12 2 49
21 2 1 48
16 7 1 48
28 20 2 49
25 21 2 51
21 3 2 47
25 26 0 49
28 25 3 51
28 25 2 51
25 26 1 49
21 3 3 47
25 21 3 51
1 19 3 50
20 25 1 50
2 18 2 50
26 11 0 49
26 20 0 50
26 11 2 49
3 25 0 50
16 4 3 46
14 22 2 50
4 20 3 50
3 20 2 51
24 17 1 51
24 17 0 51
3 20 3 51
4 20 2 50
14 22 3 50
4 8 0 49
17 21 1 51
2 16 1 51
16 10 3 49
24 12 2 49
2 23 0 50
0 28 2 51
14 24 1 49
20 12 0 50
14 24 0 50
14 0 3 49
5 6 2 48
5 6 3 48
14 0 2 49
14 24 1 50
20 12 1 50
17 5 2 49
27 25 2 51
4 20 3 51
14 8 1 49
5 4 3 48
24 23 2 51
28 8 0 48
18 7 3 48
0 10 3 50
4 7 1 48
25 18 3 50
4 2 0 49
4 2 1 49
25 18 2 50
4 7 0 48
0 10 2 50
23 15 2 51
0 10 2 50
1 27 0 51
19 7 3 49
24 15 3 51
4 12 3 50
2 0 0 48
15 8 3 47
18 1 1 32
0 8 0 43
5 26 1 25
5 7 2 22
8 22 1 34
18 12 1 23
12 0 0 53
25 2 3 49
25 2 0 49
17 10 0 61
20 2 3 56
19 8 1 63
23 0 0 55
21 1 1 55
10 9 1 70
7 6 3 51
20 2 3 31
0 8 2 47
6 26 1 26
26 14 2 0
13 23 3 46
25 19 3 94
24 3 0 25
23 4 1 47
5 27 0 157
11 13 0 69
17 9 0 65
17 6 3 65
23 3 0 56
15 10 0 64
15 11 3 65
6 5 3 70
20 0 1 31
0 7 0 47
4 5 3 20
16 0 2 -74
7 4 0 44
7 27 2 123
23 23 2 98
14 3 0 36
13 13 0 56
13 1 0 66
21 1 2 58
25 0 3 61
17 1 3 54
25 2 0 51
15 11 1 61
6 5 1 69
20 0 1 32
0 10 0 48
11 17 3 -65
16 24 2 0
8 15 0 18
12 6 0 42
15 5 0 42
22 5 3 43
13 8 0 57
14 11 3 58
18 5 0 56
20 4 0 56
23 4 0 54
25 4 0 44
24 6 0 45
24 13 0 43
21 0 0 32
0 13 0 48
13 16 2 -66
7 13 2 -28
4 9 2 47
22 5 1 29
20 9 3 37
23 4 1 48
17 10 3 50
20 8 3 52
19 8 0 54
10 13 1 68
18 15 0 56
26 7 0 25
5 26 3 63
25 1 1 -41
21 3 2 32
1 0 2 50
11 15 0 -63
9 23 2 30
11 23 2 57
9 5 2 43
14 9 0 44
4 27 3 146
21 0 2 45
14 10 0 60
19 8 2 55
18 8 3 59
23 12 2 36
13 10 2 -43
19 1 2 -51
19 0 2 -46
20 0 1 30
1 6 0 41
4 6 2 22
9 15 2 -3
5 1 0 96
24 4 3 32
16 0 0 38
13 11 3 49
14 8 0 54
19 0 0 43
16 10 0 57
12 15 2 63
23 11 0 40
14 14 0 -39
17 1 0 -42
13 26 1 38
20 1 1 29
1 10 0 36
4 0 2 25
8 12 2 7
9 14 0 17
10 14 0 47
15 6 0 46
14 10 3 49
14 10 0 48
15 11 0 53
15 15 0 59
26 5 0 48
24 12 0 26
17 13 0 -39
23 1 3 -46
26 10 0 52
20 0 0 29
1 14 0 33
5 4 2 20
10 17 2 -2
7 13 0 25
9 4 0 53
23 0 2 43
14 9 3 53
14 15 0 46
19 28 1 127
22 12 0 29
16 24 2 23
20 21 1 13
26 11 0 23
13 17 3 -26
23 4 1 -24
21 2 2 30
2 8 0 41
25 15 0 8
9 13 2 7
7 17 0 21
8 11 2 57
20 0 1 40
20 10 1 48
9 6 1 59
5 24 0 48
6 25 0 39
10 15 2 -35
18 24 2 34
5 8 1 38
18 28 1 46
24 1 3 -39
19 0 1 29
2 25 2 60
5 10 1 13
0 21 3 18
3 9 2 30
9 17 0 43
18 26 0 107
22 28 0 138
22 12 0 32
26 1 3 -33
18 19 0 30
14 26 0 28
27 11 2 43
9 17 1 -13
6 11 2 -11
19 28 3 79
19 8 1 32
1 20 0 37
9 5 3 -15
24 23 1 53
28 19 3 41
9 21 0 31
8 24 0 91
18 12 0 13
15 22 0 29
15 6 0 -29
13 26 1 46
12 7 2 -17
14 14 0 -13
28 3 0 -29
4 9 2 1
7 10 2 23
19 0 3 28
1 21 2 37
11 27 2 21
5 23 0 33
12 20 0 -36
21 18 2 21
22 16 2 53
13 22 0 23
12 7 2 -41
13 8 0 -22
26 0 1 -16
15 13 3 -7
23 18 3 38
4 12 1 4
5 26 2 8
28 4 1 -25
20 0 3 28
2 25 0 61
28 8 0 -12
11 14 3 -79
6 26 0 18
10 16 2 -50
18 26 1 21
13 14 1 -42
16 13 2 -35
4 28 1 72
21 24 0 31
21 27 0 54
12 27 3 22
20 16 3 7
27 25 1 28
28 25 0 13
19 8 1 34
2 8 2 43
26 10 1 -2
21 0 2 -89
27 16 2 -2
12 20 2 -19
11 27 0 23
23 4 3 -34
12 27 1 41
26 14 1 26
12 27 3 10
21 28 0 30
5 28 0 28
25 27 0 50
21 6 0 45
25 5 0 50
21 3 0 30
1 15 2 32
21 20 3 -19
24 3 1 -89
9 24 0 11
19 26 1 33
11 27 2 25
22 28 1 63
22 25 0 31
19 28 0 24
14 26 3 -20
20 21 2 -36
19 21 3 -35
22 14 1 11
26 25 3 38
13 28 2 21
12 21 3 1
0 7 3 33
27 2 1 3
0 5 0 32
1 22 2 0
10 6 3 28
8 10 0 20
19 21 3 11
6 5 0 36
10 4 1 36
1 22 2 22
16 17 0 -6
23 4 3 10
7 17 3 55
23 7 0 54
27 3 0 44
11 3 1 20
18 20 2 7
5 1 0 32
10 3 1 30
0 2 2 46
5 1 1 44
16 22 2 11
9 3 3 29
28 5 1 12
11 4 0 40
19 14 2 17
18 5 0 47
7 18 3 73
25 2 0 40
21 17 0 48
20 18 0 47
2 5 3 27
24 8 0 9
3 2 0 32
6 4 0 34
5 0 0 43
2 2 3 51
11 0 2 35
9 1 0 37
7 4 2 45
10 20 3 24
22 6 0 5
13 6 0 23
5 17 3 60
17 20 0 48
26 3 0 43
20 17 0 44
9 1 0 22
1 6 0 31
11 5 0 21
4 4 0 33
24 20 1 20
8 0 3 42
13 3 0 39
13 5 0 38
9 11 0 42
9 17 3 32
19 5 0 30
13 19 1 -1
5 13 3 43
12 1 2 70
27 5 0 43
28 1 0 40
10 8 2 13
21 17 2 11
6 3 0 36
9 0 2 39
4 6 2 39
4 13 0 17
10 8 2 45
11 0 2 61
27 14 2 -4
16 17 0 -47
9 24 3 -29
13 11 3 35
4 15 0 42
0 13 2 57
22 22 1 48
25 21 1 49
0 1 0 32
2 21 1 9
11 6 0 38
5 9 0 39
4 5 1 40
8 5 2 39
18 18 3 34
3 19 0 40
16 16 3 -38
27 14 1 -5
17 25 3 32
4 10 1 43
11 21 3 30
28 9 1 32
11 9 3 36
16 20 1 25
13 3 0 30
2 15 0 31
10 1 1 61
12 6 1 55
14 3 1 49
9 6 2 46
7 13 1 51
15 13 3 38
7 17 3 54
24 13 1 24
1 11 2 50
16 18 0 31
1 11 0 73
3 22 2 45
10 20 2 33
27 2 1 31
1 5 0 45
0 15 2 43
4 13 0 40
9 3 3 69
20 14 3 35
26 18 1 12
8 18 2 52
7 17 0 44
4 20 1 58
19 5 3 96
1 18 0 31
0 0 0 67
0 21 0 49
4 17 2 66
13 13 2 23
4 15 1 30
2 6 2 44
0 13 2 44
8 3 0 64
27 0 3 46
7 16 0 36
0 18 2 -21
21 14 2 -24
8 15 3 35
5 15 3 78
16 20 0 50
3 0 2 75
7 3 3 61
25 21 3 50
0 22 0 62
10 19 1 69
23 6 0 28
6 8 1 27
0 8 2 50
6 10 3 45
5 17 0 44
11 9 3 -48
17 18 3 -59
11 17 0 37
16 18 3 34
23 6 3 86
20 19 0 49
23 19 0 48
28 4 0 40
28 2 0 36
26 19 0 46
0 18 2 81
0 24 3 77
0 19 0 38
2 20 1 35
1 20 1 41
6 17 0 20
18 16 3 -61
9 19 0 34
28 22 2 62
13 19 0 37
14 19 1 62
26 5 0 43
21 17 0 44
18 20 0 39
20 17 0 37
4 0 3 60
27 20 0 43
23 24 0 73
6 3 2 68
11 6 0 70
5 12 0 56
6 18 2 26
8 20 0 22
12 23 1 41
18 20 2 50
13 21 0 30
16 20 0 42
27 2 2 39
12 1 0 65
26 21 1 47
23 21 0 41
19 17 0 30
2 1 2 55
22 16 0 29
0 23 0 37
1 13 2 68
6 13 0 57
1 15 1 29
16 18 3 6
6 5 0 77
5 11 2 61
8 11 2 58
2 19 0 51
22 26 2 58
1 17 3 42
16 19 1 22
15 21 1 51
14 16 3 15
28 23 0 38
8 4 1 45
0 25 0 -5
5 25 2 25
0 25 1 26
5 25 0 28
14 24 2 71
14 24 1 69
0 28 1 25
1 28 0 13
13 24 0 43
12 24 0 34
19 25 0 45
8 26 0 14
8 15 1 58
14 17 1 5
5 24 2 -8
14 5 1 41
11 28 3 97
17 28 0 94
11 28 2 101
1 28 1 59
12 16 3 78
11 27 0 44
19 25 3 31
18 25 3 28
23 24 2 20
23 24 3 15
1 19 0 11
18 25 3 28
0 19 1 19
0 19 1 21
8 23 1 5
4 21 1 21
16 21 1 -1
23 27 2 37
22 25 1 37
23 27 3 33
23 27 2 32
23 27 2 30
23 27 2 35
2 19 2 12
2 19 2 15
2 19 2 15
8 10 2 29
4 9 2 29
4 9 3 30
2 19 2 20
4 9 2 33
4 9 2 35
5 17 0 60
27 18 0 56
23 0 1 50
5 0 0 42
28 17 1 48
10 10 0 44
28 16 2 44
24 4 3 41
27 22 1 44
15 3 1 41
17 7 0 42
18 1 0 40
22 22 2 45
26 12 0 43
28 14 0 44
9 21 3 47
11 0 0 53
18 1 1 53
18 21 3 54
4 5 0 41
25 0 3 43
22 23 1 48
18 16 1 46
10 14 0 45
22 2 1 40
26 23 0 43
28 15 1 40
21 17 3 44
14 2 0 38
18 22 2 45
7 0 1 37
13 22 1 48
9 14 2 55
15 12 0 53
10 21 2 53
24 0 1 44
22 12 1 47
18 1 0 42
8 3 1 38
23 5 1 39
8 0 0 34
28 0 1 35
25 10 3 40
20 10 1 41
15 16 0 43
10 6 1 39
9 16 1 45
18 9 1 44
18 21 3 56
9 7 0 47
8 17 0 50
21 12 0 47
27 1 3 40
14 11 2 44
9 7 0 38
15 16 0 43
8 16 2 41
11 18 0 42
17 17 2 42
27 8 0 38
18 11 2 41
21 21 3 42
11 4 1 38
10 4 1 38
25 28 0 61
2 7 0 39
7 27 0 26
15 15 0 46
1 14 1 40
0 0 0 28
12 13 0 42
24 3 1 36
27 17 2 39
15 2 1 35
20 10 2 39
14 13 0 40
22 21 3 41
4 16 1 39
26 6 1 39
19 2 1 39
0 21 0 49
0 18 0 7
3 9 0 21
2 27 1 29
5 0 1 32
1 2 0 28
9 21 2 42
13 15 0 41
2 13 0 35
26 6 2 35
27 7 2 35
10 10 0 37
17 12 0 39
17 1 1 35
19 22 0 41
17 2 0 39
20 24 3 50
22 26 2 48
3 7 3 35
5 10 0 35
28 11 0 38
5 0 0 30
16 2 1 35
9 3 1 32
22 5 1 35
20 1 1 33
8 9 1 36
26 5 0 33
20 9 3 36
23 23 3 39
12 18 3 41
28 15 1 39
23 4 3 42
4 2 0 34
4 18 1 42
23 25 0 42
7 2 3 32
27 6 1 35
21 19 3 38
21 5 3 35
6 26 3 17
8 6 0 31
21 22 1 38
10 3 0 32
12 11 0 37
20 8 1 37
9 14 1 39
9 8 3 37
8 18 0 46
1 0 0 28
26 12 0 39
27 25 1 42
28 11 0 37
17 9 2 36
17 3 0 32
12 27 2 13
22 2 0 33
11 4 0 31
21 18 1 37
19 3 2 34
13 7 1 34
9 0 1 31
5 5 3 32
27 6 2 36
0 17 0 40
14 8 0 39
17 3 1 37
14 22 2 40
23 3 0 34
23 17 3 37
19 23 1 37
25 7 0 32
10 20 1 36
18 6 0 33
27 25 0 36
6 26 3 17
26 26 2 38
23 20 2 39
12 16 0 41
20 3 1 35
4 8 3 82
2 19 0 39
24 1 1 35
20 5 3 35
28 21 1 34
10 4 0 31
16 18 2 37
6 26 1 16
9 15 2 34
7 4 1 28
16 0 3 30
4 2 1 27
19 1 2 33
11 16 1 39
21 1 1 35
25 17 3 38
15 24 3 53
1 21 0 48
3 20 0 37
26 12 3 36
26 25 3 36
24 19 3 35
12 13 0 34
19 22 1 36
13 15 2 35
25 8 2 33
21 17 1 38
10 3 1 31
26 12 0 36
4 19 1 38
13 0 3 34
0 14 3 36
4 26 0 25
1 24 0 35
2 23 0 40
5 23 0 42
8 23 0 40
9 23 0 39
12 23 0 36
4 21 0 35
21 7 3 34
0 2 3 22
19 23 0 37
25 5 3 33
28 7 0 33
11 14 0 37
16 2 0 35
2 2 1 28
3 24 1 36
12 26 1 35
2 14 3 56
5 15 3 61
7 25 0 45
2 4 3 53
8 3 2 58
13 28 2 43
14 25 0 46
17 25 0 40
26 28 0 36
22 3 2 33
28 4 1 31
20 13 0 35
10 13 1 37
16 2 1 33
5 15 0 51
3 0 1 44
9 8 1 53
1 26 2 51
28 28 0 66
10 16 1 71
4 2 0 59
8 6 1 63
13 7 2 68
1 26 1 58
9 25 0 46
18 26 0 44
22 26 0 37
28 15 3 33
2 2 1 24
28 7 0 33
9 23 3 36
7 23 3 38
25 28 2 38
18 25 3 37
9 23 3 47
9 23 3 48
13 24 3 47
6 23 2 48
8 23 3 51
7 23 2 52
8 23 3 52
4 23 2 57
10 26 2 41
5 28 3 38
0 2 2 22
0 2 2 22
