256 64 256 4
6 22 1 49
11 8 3 50
4 21 2 50
1 8 1 54
21 19 3 47
23 5 3 50
23 6 0 49
22 16 1 49
25 16 3 48
20 20 2 50
14 12 0 54
25 16 0 51
11 3 0 57
22 6 2 54
22 16 2 52
0 4 0 60
28 0 0 46
27 10 2 45
14 13 1 47
10 1 2 51
15 28 2 47
10 8 2 52
18 22 0 47
22 16 1 48
1 19 0 56
15 1 0 54
12 13 0 55
19 5 1 54
15 1 0 56
18 11 0 55
17 0 0 56
5 23 0 57
17 24 2 44
26 9 0 46
3 2 3 53
5 5 0 52
19 11 3 49
19 1 0 49
25 6 2 48
12 13 2 53
1 28 0 56
14 3 3 54
10 13 3 55
3 11 2 58
20 22 2 52
17 8 0 55
28 0 2 54
9 17 2 58
15 1 0 48
19 13 3 46
8 1 1 52
11 9 2 52
9 20 0 51
16 8 2 51
13 9 2 53
2 3 2 57
11 17 0 55
27 20 1 51
14 24 0 53
2 28 2 57
8 1 2 59
1 5 3 61
2 1 1 61
11 6 2 59
16 26 2 43
22 13 3 45
19 4 3 47
21 4 2 48
22 16 0 47
6 1 3 54
0 19 1 54
11 17 2 52
26 10 2 52
19 4 2 53
10 8 3 56
8 3 1 57
6 8 2 59
10 13 0 58
17 7 2 56
10 1 2 60
17 9 0 46
22 11 2 46
22 9 0 47
21 15 2 47
9 5 3 53
27 18 3 47
9 5 3 53
19 5 2 51
17 8 0 53
10 21 2 53
23 19 0 50
3 11 2 58
28 9 1 54
22 14 3 54
16 11 3 57
28 13 3 54
3 6 3 51
28 0 0 46
1 16 2 53
17 1 0 49
0 21 1 53
9 5 0 53
19 11 0 50
17 23 1 49
8 24 1 53
22 11 0 53
18 1 0 54
13 14 0 55
16 1 0 56
14 14 0 56
23 14 1 54
10 27 0 55
21 11 2 46
11 5 2 50
0 4 2 54
3 15 0 54
24 19 3 47
26 17 3 48
20 13 0 50
19 26 0 49
3 20 0 56
8 3 3 57
7 3 0 58
27 3 2 54
9 3 1 59
21 17 1 54
8 11 0 59
11 2 2 59
21 12 0 46
18 2 0 48
2 19 0 53
27 5 3 49
6 3 0 54
4 5 2 56
15 2 2 54
19 2 1 54
16 2 2 55
20 1 0 55
2 2 2 61
27 24 3 53
26 27 0 53
18 18 2 57
27 4 2 57
12 8 2 60
23 10 0 45
19 1 0 47
12 23 2 48
21 20 0 47
16 22 3 49
18 3 3 51
12 6 2 54
28 9 2 51
3 16 0 58
22 12 0 54
17 27 1 54
5 21 0 59
22 14 0 55
18 9 2 58
28 9 3 56
17 5 1 58
28 4 2 46
28 1 2 47
5 23 2 52
6 6 0 53
25 7 2 49
13 19 3 51
8 4 3 57
7 4 2 57
0 13 0 60
19 6 0 55
12 6 0 58
26 0 3 56
2 1 2 62
8 5 3 61
5 23 2 59
11 2 0 61
0 21 0 52
11 14 0 51
17 0 0 52
10 7 0 53
15 12 0 53
26 9 2 52
8 4 0 57
8 4 0 58
17 7 3 55
20 3 2 56
16 14 1 56
8 3 0 60
3 23 2 60
26 9 3 57
10 11 0 62
22 24 2 56
28 15 0 46
25 22 2 46
28 3 2 49
16 4 1 52
20 16 0 50
23 10 2 51
22 10 2 52
15 10 0 55
5 27 0 55
27 0 0 55
8 3 1 60
6 24 0 58
3 0 2 63
12 3 0 61
17 8 3 60
17 0 0 60
16 7 1 50
23 5 0 50
18 22 0 50
8 22 2 54
21 3 1 54
0 16 0 59
9 0 0 57
21 2 1 55
18 12 3 56
1 5 2 62
23 0 2 56
6 5 3 60
22 15 0 56
2 21 2 61
8 19 2 61
9 28 0 59
16 23 0 48
27 4 1 49
13 1 2 54
21 19 3 51
7 26 0 55
3 1 0 59
12 3 0 57
17 27 1 53
4 23 0 58
3 2 0 62
21 11 0 57
15 1 0 59
9 5 3 61
0 1 0 64
9 5 1 63
17 25 3 58
6 3 2 53
16 11 3 50
16 0 2 53
6 0 0 57
6 3 0 57
9 4 2 57
18 4 2 54
27 4 2 54
28 9 0 54
15 4 2 56
10 6 1 59
23 10 0 56
2 16 0 62
8 19 1 61
22 22 0 56
26 6 0 58
15 5 0 51
6 15 2 54
25 4 0 53
20 10 3 53
19 4 2 54
2 10 2 58
21 5 0 55
4 12 2 58
5 28 3 55
2 10 0 59
4 12 3 60
21 5 3 56
4 11 1 59
20 8 2 56
27 4 1 56
5 1 3 59
28 0 1 50
5 14 0 54
3 17 0 55
4 2 3 56
12 4 1 55
13 1 3 55
10 10 0 57
14 8 1 56
9 24 0 56
0 9 2 60
16 12 2 58
20 2 3 56
9 2 2 59
24 0 0 57
21 11 3 58
2 2 3 61
27 10 3 49
7 9 0 53
21 0 2 51
4 20 1 53
28 0 3 51
0 9 0 56
21 13 3 53
13 13 0 55
16 6 0 54
12 12 1 56
15 6 2 56
9 0 1 56
25 6 0 55
17 4 3 56
11 26 0 57
3 13 2 60
15 16 1 51
14 0 0 51
26 5 2 51
23 4 3 52
13 9 0 53
14 9 3 54
13 9 3 55
25 3 1 54
25 14 3 54
5 2 0 58
1 8 1 59
2 12 3 60
1 5 2 59
8 6 2 58
4 6 3 59
2 14 2 59
23 14 0 50
13 14 0 53
1 3 2 56
9 8 2 55
3 0 3 56
2 0 0 57
6 8 2 57
17 26 3 179
15 2 2 56
23 24 2 178
6 8 2 59
27 0 0 56
12 2 3 58
10 2 2 58
6 2 2 60
13 17 1 57
28 0 2 50
0 5 3 55
9 17 2 53
28 0 2 51
3 9 0 55
17 15 2 53
1 10 2 58
1 10 0 59
24 2 0 55
28 9 0 55
3 13 3 59
0 7 3 60
16 0 0 56
13 3 3 57
3 0 0 58
13 3 3 57
16 7 0 50
6 18 2 52
23 4 1 51
0 24 2 53
13 5 0 53
25 1 3 53
9 27 2 55
11 14 2 56
17 4 2 55
22 1 3 55
16 2 2 57
14 4 2 58
19 11 2 57
12 1 2 58
3 14 1 61
7 7 0 60
9 23 0 51
1 13 0 54
6 3 2 54
7 1 0 53
9 22 2 53
10 4 0 55
1 26 1 54
14 6 2 54
5 3 0 57
18 12 2 55
7 20 0 57
9 22 2 57
24 4 0 57
12 7 1 58
10 0 2 58
25 12 3 56
12 21 0 53
5 2 1 56
10 10 2 54
10 23 0 53
25 4 2 54
10 2 0 55
24 4 2 54
25 2 1 54
5 7 3 58
3 11 3 60
11 9 2 58
22 14 0 57
8 5 1 61
0 12 1 62
10 15 1 58
9 4 3 58
6 27 0 55
22 14 0 52
7 14 0 55
10 17 0 54
13 8 1 55
9 1 2 56
14 15 0 56
28 10 1 55
14 7 1 57
17 16 0 58
19 17 0 50
26 18 1 29
26 18 0 32
25 17 0 35
28 17 0 47
19 22 2 185
4 3 0 55
21 6 2 53
21 14 3 52
26 0 2 53
2 5 2 57
3 11 0 58
9 15 3 56
7 13 2 57
25 24 0 179
16 22 0 22
19 21 0 25
25 21 3 14
27 22 2 16
18 23 2 19
25 24 2 17
27 18 0 29
15 5 0 54
8 0 2 55
15 2 3 55
28 9 3 52
3 9 1 57
15 3 1 56
16 10 0 56
11 25 0 56
13 25 0 56
16 26 0 20
2 5 3 -107
1 1 2 -108
22 21 3 20
22 24 2 21
27 15 1 -103
22 22 3 17
27 0 0 52
1 9 2 58
27 2 2 53
23 14 1 52
23 14 1 52
27 10 0 54
2 13 1 58
3 22 1 57
15 23 0 40
28 15 2 -111
19 23 0 14
18 23 1 13
14 3 0 -106
21 24 3 19
26 23 0 12
28 15 2 -112
0 6 2 57
19 14 2 54
16 4 3 55
3 14 3 57
13 14 2 55
12 6 3 56
26 0 3 55
0 0 2 61
15 25 0 24
19 5 0 -109
10 8 3 -110
28 23 2 13
24 23 0 13
17 1 1 -109
28 24 0 12
28 25 0 24
26 7 0 54
22 4 0 55
3 9 3 58
22 8 1 54
7 11 1 57
6 21 2 58
13 7 0 57
15 19 0 54
17 24 2 16
3 1 2 -108
17 21 3 14
19 27 1 76
27 24 1 15
25 27 0 16
19 16 3 49
20 16 0 54
10 12 1 55
7 3 2 57
0 16 1 57
22 3 2 54
26 0 1 54
13 4 1 57
7 13 0 59
14 25 0 44
22 22 3 17
4 21 1 -109
16 23 1 24
23 26 3 123
15 24 2 28
14 24 3 38
23 15 3 50
21 17 3 56
22 28 1 60
21 7 2 60
4 2 1 55
20 16 2 59
0 8 0 55
24 20 0 58
18 28 2 57
19 1 2 57
15 3 0 54
1 5 3 52
27 11 2 57
16 8 1 53
28 11 2 56
18 28 1 52
5 13 2 47
6 13 2 47
23 25 2 62
15 12 1 59
4 6 0 57
11 16 2 58
15 15 3 58
19 1 2 59
17 21 3 58
14 7 2 57
15 22 2 56
16 6 2 55
2 1 2 52
26 15 2 56
7 14 0 50
15 1 2 51
16 16 2 50
20 6 2 51
2 15 1 57
26 2 1 62
14 6 2 58
17 25 2 59
0 9 1 54
19 6 3 57
13 19 1 56
0 9 1 54
20 16 2 57
2 13 2 52
7 24 2 53
5 15 3 51
19 24 2 54
23 13 0 53
14 19 0 50
19 5 2 51
10 0 3 57
5 10 2 56
11 14 1 57
21 13 2 59
13 14 1 56
22 13 2 58
9 26 3 56
5 10 2 54
21 11 2 57
8 10 2 53
0 12 0 51
9 26 2 52
19 24 0 54
22 7 0 54
23 6 1 52
7 10 2 47
2 12 3 55
11 0 1 57
11 0 1 57
0 16 1 55
7 2 2 55
9 26 1 56
6 5 3 55
8 4 1 55
6 0 3 53
3 10 1 52
22 0 1 55
18 4 0 53
20 1 0 53
24 19 2 54
6 23 0 48
5 20 1 48
6 6 0 56
14 25 2 58
12 6 2 57
28 2 0 62
8 16 2 55
22 16 3 58
28 9 2 60
11 16 2 54
9 2 2 53
10 3 1 52
21 24 2 55
6 0 1 50
26 28 0 55
18 8 2 51
13 15 3 49
2 16 1 47
8 11 2 57
0 14 1 58
1 11 1 57
8 11 3 58
18 4 2 60
23 4 2 60
7 1 2 56
19 13 2 57
26 9 2 59
1 4 2 52
23 6 0 56
18 8 0 53
7 10 2 50
16 5 0 50
17 8 0 51
9 22 0 48
3 3 0 55
16 6 1 59
24 28 3 62
3 7 1 57
5 18 2 57
12 1 3 57
21 10 2 59
18 16 1 58
5 7 0 54
22 13 0 56
7 20 0 53
5 14 3 52
13 1 0 53
23 23 2 54
17 1 2 52
22 21 0 52
7 19 2 56
26 24 0 60
15 12 3 56
3 9 3 55
20 17 0 59
20 5 0 58
14 15 1 56
17 24 0 57
0 17 2 53
1 10 3 51
25 9 1 57
12 21 1 53
26 12 2 55
21 27 3 54
6 2 3 50
22 6 0 53
15 0 0 59
1 10 1 55
7 11 1 55
12 4 3 56
6 4 2 55
10 8 2 55
19 26 2 58
28 0 3 60
5 4 0 53
7 15 0 52
20 24 0 55
22 13 2 54
4 18 0 50
4 16 3 50
20 19 3 53
6 9 2 48
3 28 3 107
2 19 0 56
10 9 0 56
2 13 2 55
12 3 0 55
19 5 2 57
23 8 1 59
28 2 2 59
4 13 3 52
9 16 2 52
22 19 1 55
17 6 2 53
5 9 0 50
21 7 2 53
3 9 0 48
22 16 3 52
0 22 0 17
2 22 0 38
28 1 3 62
12 5 0 57
24 15 0 59
2 0 2 54
23 6 1 59
17 16 0 57
6 9 2 53
5 17 0 53
13 8 1 54
4 13 0 51
5 13 0 50
25 18 0 54
11 16 0 50
2 13 0 48
24 10 1 -103
0 23 0 26
4 23 0 54
2 0 0 55
24 9 0 60
4 17 1 55
3 13 3 53
28 12 1 59
1 17 0 53
3 7 3 52
21 20 2 55
4 4 2 51
15 16 0 53
13 11 0 51
3 5 3 49
12 25 1 51
25 12 0 -100
1 24 0 8
10 28 0 46
14 28 0 54
28 2 2 60
25 11 0 59
1 9 1 52
1 6 3 52
24 15 2 56
7 3 0 51
10 16 2 51
7 16 3 51
19 8 0 53
1 3 3 48
16 8 0 51
18 16 2 51
3 24 3 11
4 27 2 -5
4 27 2 15
2 27 0 51
6 26 0 58
1 9 0 55
24 9 0 59
1 5 1 53
6 4 0 53
28 13 0 57
21 21 3 54
17 10 2 53
14 17 0 52
21 20 2 52
12 14 0 48
2 13 1 47
5 27 3 56
3 27 0 49
3 27 2 40
4 27 3 36
4 27 2 38
3 27 3 59
2 23 0 53
10 27 0 59
5 24 0 51
24 22 0 56
19 16 1 54
0 4 1 50
0 10 1 49
10 0 0 50
3 1 0 48
12 0 1 49
10 14 0 56
12 12 2 56
25 19 2 61
20 21 3 60
28 7 0 59
13 19 2 55
21 1 2 56
26 26 3 58
10 19 2 52
19 21 2 54
20 21 3 54
9 19 0 49
0 10 0 46
21 2 1 52
0 9 3 46
16 21 2 50
5 6 2 55
22 14 0 60
24 18 0 60
25 25 2 61
18 23 0 59
14 0 0 54
25 0 0 56
3 25 1 50
4 3 2 49
14 26 0 53
20 16 2 53
18 18 0 50
10 15 2 47
0 23 0 44
20 1 0 49
25 12 1 49
24 17 3 61
25 4 0 59
17 17 2 57
13 2 2 56
2 22 0 53
25 19 2 59
28 14 2 56
15 9 3 52
23 3 1 55
17 15 0 52
19 4 3 52
28 24 2 54
10 10 2 48
26 11 2 50
18 11 2 49
24 17 3 51
11 27 0 58
23 18 0 60
20 5 2 58
6 15 1 53
4 2 0 53
21 5 2 57
15 14 1 55
23 1 2 56
14 3 2 53
8 15 2 50
12 12 2 50
5 8 0 48
21 24 0 53
4 12 0 46
14 18 2 49
21 8 1 49
19 16 3 60
18 19 2 60
14 16 2 57
12 7 1 55
15 16 3 57
2 7 2 52
20 9 0 56
2 4 2 51
22 26 2 58
5 0 1 50
13 26 0 52
28 4 2 55
15 3 0 50
4 7 1 48
20 16 2 52
20 7 3 50
3 5 3 54
26 15 1 60
22 14 3 59
18 10 2 57
21 11 0 57
14 0 0 54
3 3 0 51
12 12 0 53
12 14 2 53
6 16 1 50
17 17 3 52
20 26 2 54
10 27 3 50
19 27 3 54
4 13 0 48
27 0 2 53
9 8 1 55
28 12 3 60
21 20 0 60
16 7 0 55
18 24 2 57
16 1 1 55
15 3 3 53
4 9 2 50
5 5 3 49
23 20 1 55
20 25 2 54
15 3 2 50
7 6 0 47
18 19 2 52
16 18 0 50
9 1 1 47
6 4 3 55
22 6 0 60
12 8 3 56
28 10 2 59
26 13 2 58
26 15 2 57
4 13 2 50
21 0 0 55
4 4 0 50
4 23 2 49
17 1 2 52
9 3 2 48
17 10 0 50
23 3 2 52
21 16 2 52
22 3 2 50
26 11 2 60
10 9 2 55
22 4 0 59
12 2 3 55
19 24 2 58
18 21 0 56
11 27 2 53
13 15 0 52
14 3 1 52
17 12 0 52
7 22 2 48
6 10 2 46
11 11 3 47
25 20 3 53
26 1 2 52
20 10 2 49
4 8 3 55
19 11 0 59
14 15 2 57
1 1 1 53
22 13 1 58
23 0 0 57
10 8 0 52
22 14 1 55
27 1 0 55
24 0 0 54
27 1 0 54
1 9 2 45
26 1 0 52
21 11 0 50
27 1 0 52
4 12 2 44
1 17 0 54
25 4 0 60
28 25 0 62
16 4 0 56
28 8 0 57
9 28 2 54
22 12 3 55
27 4 0 55
7 8 2 48
26 25 0 55
3 10 0 46
25 9 2 50
12 7 1 47
24 23 1 52
12 2 3 47
12 4 1 46
19 12 0 60
18 21 0 60
0 25 0 53
21 11 1 57
22 24 2 59
21 3 2 56
28 12 0 55
8 28 0 51
6 5 3 48
16 5 2 50
21 7 2 50
23 15 1 50
2 10 0 44
9 2 0 46
25 0 3 50
0 25 1 43
24 4 1 61
15 7 0 57
13 11 1 57
26 6 0 59
1 26 2 52
14 12 2 54
19 19 0 56
17 11 2 53
15 9 0 50
26 7 2 52
21 23 0 52
11 25 1 47
0 24 1 43
22 0 0 49
13 0 1 46
26 4 2 49
26 1 2 60
4 17 3 53
20 21 3 59
4 9 0 52
11 10 0 53
13 28 2 56
20 7 2 54
18 12 0 53
14 22 0 52
4 27 2 48
24 0 2 51
2 24 2 44
23 5 0 49
28 19 3 52
20 20 2 49
22 15 1 48
25 3 3 60
28 15 2 59
24 8 2 57
27 1 0 58
21 18 0 56
24 18 0 56
11 27 0 52
27 0 0 54
25 1 1 53
17 18 0 51
6 2 0 45
15 15 2 47
16 5 3 46
15 15 3 47
17 18 0 47
27 8 2 47
2 10 3 54
17 3 0 57
10 5 2 54
10 3 0 54
15 19 1 55
6 4 2 50
7 0 2 49
28 26 2 56
4 7 2 47
5 4 1 46
16 13 0 48
27 4 2 50
20 6 1 47
1 23 0 42
13 16 2 45
6 13 2 42
7 2 1 50
2 10 2 53
19 5 2 48
13 9 2 52
7 18 2 56
8 2 2 54
14 5 0 52
15 4 2 53
4 5 2 56
9 6 2 56
11 24 0 59
20 4 0 54
16 8 1 56
7 2 3 59
12 2 2 58
0 4 0 62
22 1 0 47
10 0 0 51
10 1 1 51
11 24 0 54
8 0 2 53
8 0 3 53
0 16 0 57
6 6 2 55
15 1 0 54
21 1 0 53
24 1 0 53
17 1 0 55
7 18 3 60
15 5 2 57
14 6 2 58
26 1 0 57
9 2 1 51
9 13 3 54
3 2 0 54
3 2 0 55
23 4 0 50
1 1 0 57
14 1 0 53
6 26 2 58
11 1 0 56
6 23 0 59
6 24 3 59
25 2 0 54
1 14 2 62
28 0 0 55
26 2 0 57
17 25 2 55
11 14 0 52
26 0 3 48
4 2 0 54
13 0 0 53
15 3 0 53
9 15 3 57
14 1 0 54
8 15 3 58
3 4 3 57
2 0 2 60
4 25 0 60
0 18 0 63
10 15 0 62
3 2 0 63
18 26 2 54
28 7 0 19
21 3 0 47
11 16 2 53
5 19 0 56
20 6 2 50
17 7 2 51
7 24 0 56
10 2 3 54
19 0 2 52
15 7 0 54
0 2 0 58
1 1 0 59
2 8 2 60
27 2 0 56
25 7 0 50
21 13 0 17
15 9 3 -91
13 13 0 51
1 1 1 54
11 19 0 54
26 0 3 49
17 1 1 52
14 5 1 52
26 1 2 50
13 9 0 54
22 3 2 52
3 3 2 58
1 1 0 60
23 6 0 56
20 26 2 44
26 10 0 20
28 26 1 20
21 20 0 17
11 2 0 50
0 1 2 53
10 9 3 51
7 6 2 51
10 16 0 54
7 20 3 55
16 0 2 51
2 5 0 55
7 7 2 55
21 4 0 53
28 2 0 55
25 8 0 27
25 27 2 28
26 28 3 29
27 11 0 16
23 23 3 17
2 1 3 51
10 19 1 52
3 11 1 52
22 2 0 48
2 5 2 52
22 3 3 48
13 2 2 51
6 20 0 56
1 4 0 57
22 7 0 53
24 9 0 31
7 1 1 -88
24 27 2 31
24 27 2 32
28 28 0 33
20 7 3 -90
24 1 2 45
17 4 0 47
9 3 3 50
1 0 2 53
8 5 3 51
9 12 3 53
1 0 2 54
10 10 0 54
17 27 2 56
18 24 2 32
23 13 0 16
28 12 2 19
25 22 1 18
27 22 0 18
27 14 1 16
13 14 3 -95
21 4 0 45
0 4 2 51
10 24 0 53
10 19 2 53
15 9 2 50
5 12 3 54
7 18 2 54
15 2 0 52
15 17 0 43
7 2 3 -90
22 22 1 20
20 22 0 17
24 20 3 14
25 22 3 17
21 21 1 15
27 15 1 9
16 0 1 47
22 4 3 45
19 4 0 47
15 2 3 49
0 7 0 53
2 10 1 53
14 26 0 52
28 0 2 49
16 20 2 33
28 24 0 16
23 21 3 21
28 24 0 23
28 12 2 15
25 22 1 15
17 11 2 -97
22 22 3 14
6 2 0 49
12 24 2 51
11 4 0 50
15 5 3 49
5 6 3 51
7 25 2 54
9 14 1 53
13 25 2 54
15 21 0 28
24 27 3 13
7 26 1 -102
22 22 0 16
23 14 2 17
25 14 2 18
25 25 1 29
24 26 1 26
19 7 0 46
21 3 2 46
10 0 2 50
4 16 2 53
1 10 3 53
9 3 1 50
21 3 2 48
24 28 0 170
22 7 2 49
24 9 2 17
1 5 1 -104
25 2 2 -111
27 27 1 15
28 15 1 8
27 26 1 18
13 15 0 -94
1 18 0 53
18 3 2 48
13 7 0 50
16 27 0 52
2 10 0 53
27 2 2 46
2 2 2 53
26 1 2 48
23 4 2 49
20 9 2 51
24 9 2 14
8 18 0 -102
6 11 2 -99
8 25 2 -97
4 9 1 -99
27 15 1 9
11 25 2 52
1 3 0 52
8 18 1 53
3 8 3 51
15 8 0 49
7 12 2 53
18 2 0 49
6 21 2 54
10 18 2 54
23 5 2 49
22 7 2 50
20 26 0 26
5 16 2 -103
27 26 0 14
10 18 1 -103
23 25 2 14
8 14 1 52
14 1 2 50
19 1 1 48
25 0 2 47
9 14 3 52
10 15 1 53
9 5 3 50
22 4 1 47
5 19 0 54
0 20 0 56
0 4 0 56
14 20 2 37
27 27 0 14
27 24 1 12
27 23 3 8
27 23 2 7
10 13 0 171
17 0 3 90
1 0 0 62
1 0 1 59
1 0 0 60
1 0 0 54
1 0 0 39
13 0 0 13
26 14 3 13
18 0 1 0
16 25 3 38
25 2 0 39
11 27 0 95
24 0 2 65
1 11 1 168
28 0 0 59
27 8 1 50
5 13 2 19
24 26 1 29
9 6 0 25
23 20 1 27
4 14 1 26
13 19 1 24
13 4 0 14
15 2 0 24
23 10 1 99
25 3 3 41
21 2 0 19
24 1 0 30
11 28 0 110
25 1 1 64
11 27 3 100
15 18 3 28
19 27 1 19
10 19 3 25
4 16 3 28
27 27 1 34
5 8 1 25
5 16 0 24
28 27 1 19
15 4 0 16
26 4 3 114
12 2 2 122
21 3 0 16
24 5 0 26
24 1 0 20
11 15 1 128
22 1 2 73
10 6 2 20
0 7 0 18
8 14 2 19
6 3 1 16
18 28 2 20
6 19 3 25
14 17 1 24
13 8 2 7
28 25 0 11
18 7 0 68
15 27 2 149
17 6 3 36
10 28 1 -16
24 5 0 15
20 4 3 34
9 27 0 137
2 18 2 26
5 5 3 18
3 12 1 19
5 21 2 19
27 26 1 26
5 12 2 22
5 12 3 23
3 26 3 16
23 6 3 13
16 4 0 44
22 0 1 41
20 2 2 12
1 11 2 5
10 2 1 -1
16 4 0 48
5 20 1 174
11 2 2 12
18 26 3 19
5 12 2 16
9 8 0 13
2 12 3 18
9 16 0 21
20 19 3 23
16 26 0 26
7 24 2 8
15 4 0 38
26 7 1 34
3 26 3 22
9 23 1 11
5 16 3 7
26 8 0 24
25 1 0 68
23 26 1 19
5 21 0 14
5 20 1 16
5 12 1 15
28 18 3 21
24 21 1 17
5 28 3 16
11 8 3 14
24 7 2 12
26 7 2 31
0 2 0 35
4 27 3 30
16 25 1 25
25 11 0 57
17 0 3 47
21 8 0 95
18 26 1 24
27 22 2 22
2 2 2 11
2 10 3 19
2 10 2 17
6 10 3 20
24 7 3 28
5 1 3 11
20 26 1 9
17 13 0 19
28 0 0 -76
14 6 3 20
21 15 0 61
14 20 3 24
2 2 3 10
27 6 0 36
11 2 3 11
27 22 0 18
9 9 2 11
5 14 2 14
5 20 0 16
9 8 0 15
13 2 2 16
5 21 3 9
11 2 3 8
6 23 2 11
13 7 1 15
17 19 0 65
0 2 0 12
23 28 1 16
13 5 2 17
15 5 0 22
2 22 2 11
2 11 2 17
9 3 2 11
9 3 1 10
4 13 2 17
9 3 0 11
6 4 0 11
5 25 3 10
0 10 2 13
20 28 3 10
16 20 0 50
0 2 0 20
7 9 1 19
1 27 3 13
1 20 2 8
26 27 1 16
25 18 1 11
1 7 3 12
5 17 1 15
2 17 2 14
2 18 0 16
6 1 2 7
4 18 0 12
22 24 0 14
8 14 1 13
17 21 3 55
0 2 0 23
9 20 0 22
6 12 1 17
3 22 0 12
8 2 2 -1
5 21 1 8
10 13 2 18
1 21 0 18
2 20 0 14
5 20 2 14
2 19 1 16
8 23 3 11
5 22 0 12
6 1 2 1
20 15 0 45
0 1 0 12
19 27 1 11
9 10 2 11
8 13 0 15
20 21 0 18
27 24 0 13
16 12 0 16
9 12 0 21
6 24 2 20
22 22 3 27
5 23 0 18
11 18 0 16
7 5 3 4
15 21 0 24
18 21 0 28
16 23 0 25
24 6 3 20
27 16 2 22
5 21 1 17
9 6 2 17
26 25 0 22
4 18 2 7
20 11 3 2
3 22 3 15
13 10 0 24
18 26 3 24
8 16 0 25
6 25 0 21
26 1 2 -42
19 1 0 -13
13 7 2 16
14 17 1 14
4 17 3 15
4 8 3 9
9 1 1 8
5 28 2 17
25 25 0 14
9 18 1 6
7 8 2 5
21 27 1 7
3 21 3 12
2 21 2 13
0 19 2 21
0 4 3 21
13 12 1 67
23 28 3 78
13 27 0 46
7 28 3 17
6 12 1 14
19 27 0 16
4 26 2 19
26 21 0 22
27 22 0 13
8 2 3 -1
28 27 0 16
20 26 0 9
5 22 1 12
6 6 2 12
4 11 2 17
7 28 0 16
23 9 2 51
23 28 1 61
23 5 2 40
11 21 1 21
4 19 3 20
8 4 2 17
11 18 0 22
4 3 1 7
4 11 1 5
4 11 0 5
15 5 2 18
20 3 3 69
7 23 0 66
11 12 2 63
18 6 2 55
1 9 3 77
9 22 3 58
11 24 3 39
17 6 2 78
16 2 1 55
28 4 0 57
17 9 2 56
17 17 0 58
15 12 3 56
15 16 0 56
19 28 1 56
19 16 3 56
10 6 3 51
8 20 2 70
12 3 0 10
9 19 0 65
6 23 1 71
10 5 3 46
10 4 3 54
1 9 1 51
19 1 2 55
20 7 2 56
20 9 0 56
15 13 2 56
22 14 1 56
21 6 0 54
17 16 0 56
26 14 1 56
8 12 2 66
6 19 1 68
15 15 0 -47
5 19 1 61
3 11 0 -13
10 6 3 72
17 2 2 57
18 6 0 73
3 9 1 117
5 8 3 50
20 4 2 51
20 11 2 56
16 8 2 55
13 17 2 55
22 6 3 54
14 15 2 54
8 12 0 68
1 4 2 24
28 24 0 -48
5 20 1 76
2 3 3 52
10 6 1 20
15 5 0 35
1 20 0 95
1 20 1 95
4 18 3 31
11 23 0 55
26 13 0 57
22 15 1 56
24 13 2 55
17 22 0 56
28 8 3 54
10 19 3 54
2 3 2 38
9 5 2 14
10 6 0 36
7 27 1 80
3 19 2 61
7 2 0 20
25 10 2 58
20 17 0 58
21 7 1 55
24 7 1 55
14 27 2 56
26 10 2 55
23 4 0 53
25 21 1 56
24 10 3 53
12 24 1 62
3 17 3 24
3 18 3 53
4 18 2 51
4 25 2 80
6 8 3 -33
2 3 0 -22
11 21 0 56
18 0 3 52
28 7 3 54
25 26 1 56
25 22 2 56
23 7 2 53
26 7 2 53
22 0 2 51
19 15 2 53
12 8 1 65
17 6 2 15
1 16 2 63
17 6 1 78
6 11 0 55
4 11 2 -61
7 4 2 -3
20 7 0 55
20 15 1 55
17 14 0 54
26 7 1 53
23 3 2 52
28 7 1 53
24 26 2 56
27 20 0 55
27 15 1 54
0 13 0 59
2 16 2 51
4 13 1 58
24 15 3 91
7 0 0 79
14 6 3 -35
9 13 1 51
13 19 0 55
26 15 2 55
19 16 2 55
26 8 2 53
13 28 1 54
11 26 0 54
12 28 0 53
22 17 3 54
27 15 2 54
16 0 3 61
5 4 2 136
14 8 0 81
19 5 3 86
11 16 3 29
7 20 2 14
10 20 2 39
27 11 2 55
14 16 0 53
16 8 1 51
22 17 1 54
22 2 3 51
22 8 1 52
13 27 2 53
24 1 0 50
20 0 2 50
4 17 1 31
4 10 3 22
3 17 0 42
5 17 0 56
8 21 1 33
10 15 0 30
16 17 0 57
24 26 2 56
15 23 2 54
28 3 0 51
25 22 0 54
17 17 1 53
21 0 1 50
17 10 0 51
22 4 2 49
26 11 0 51
2 27 0 12
1 26 2 10
7 20 2 18
7 21 3 17
2 4 0 -22
9 19 0 31
12 28 0 55
26 12 2 54
19 11 2 52
21 1 3 50
22 1 2 50
21 21 2 53
17 17 0 53
16 21 0 52
28 19 1 53
16 9 2 49
10 14 3 51
2 18 3 30
4 18 2 30
8 23 1 13
7 21 0 15
8 21 0 14
11 19 0 54
23 24 0 55
21 27 0 54
23 2 3 50
21 3 2 50
16 21 0 52
20 21 0 53
25 16 0 52
23 0 0 49
23 23 0 52
4 22 3 69
8 18 0 42
4 12 2 21
3 28 2 19
7 21 2 13
8 23 0 18
3 13 0 28
17 9 0 53
20 10 0 52
21 20 2 53
24 3 3 50
24 27 0 53
19 18 3 52
24 10 3 50
19 17 0 52
28 23 0 52
2 27 0 20
7 19 0 15
8 20 0 20
10 13 3 19
5 2 3 -25
11 16 0 56
17 13 3 54
22 2 2 51
25 22 2 54
27 20 0 53
25 27 2 53
25 28 0 53
28 7 2 50
23 13 3 49
17 19 0 51
28 26 2 49
10 22 1 23
5 17 3 16
8 20 3 21
1 5 0 -20
3 23 1 -15
10 19 0 53
13 18 0 54
21 5 0 51
28 3 2 51
23 8 0 51
24 11 2 51
27 10 0 52
25 15 0 52
28 5 0 49
23 0 0 49
28 26 2 50
7 2 0 -11
11 22 0 84
10 22 1 7
6 17 3 27
8 20 3 21
9 20 0 57
12 28 0 55
22 5 2 52
24 0 0 51
18 16 1 53
17 16 3 53
21 8 0 51
24 3 2 50
20 8 2 50
28 21 0 52
28 26 0 50
15 4 3 59
28 11 0 62
23 5 0 60
26 27 0 60
26 2 0 60
28 2 2 58
22 11 3 56
10 0 0 51
28 15 2 56
12 9 0 49
28 1 2 52
26 14 2 52
6 16 2 45
3 1 3 44
15 24 2 47
6 18 0 44
5 20 2 57
18 7 0 59
3 1 0 53
14 5 3 56
9 23 2 54
7 9 2 52
22 18 2 56
24 9 3 56
16 4 1 52
27 11 2 55
9 24 0 48
28 13 2 53
26 15 0 52
12 10 2 46
8 2 2 44
4 11 0 43
9 25 0 57
16 0 0 58
11 7 3 56
23 6 1 60
25 28 0 59
9 28 0 53
11 20 2 53
22 10 2 55
2 4 1 48
27 13 0 55
27 13 2 54
7 19 3 47
25 0 3 51
3 4 1 43
1 17 1 44
26 14 2 51
12 8 2 58
6 10 0 54
7 21 1 55
28 27 2 61
9 25 0 54
8 23 2 53
20 8 0 56
26 27 0 56
25 1 3 55
7 22 0 49
22 2 0 52
8 18 0 47
27 5 2 51
12 2 2 46
7 18 3 44
15 4 3 46
15 7 1 59
4 4 2 54
19 5 0 59
20 10 1 59
7 15 1 54
19 7 0 57
27 10 0 58
6 16 1 50
7 16 0 49
8 16 0 49
22 18 3 52
28 10 0 53
21 19 3 51
6 10 0 44
12 25 2 46
3 0 1 43
24 13 3 61
26 28 0 61
25 15 2 61
21 28 1 59
3 4 1 52
15 0 0 55
1 25 1 41
14 0 1 52
16 0 0 51
17 0 0 51
26 4 2 53
23 20 0 52
6 15 2 45
21 20 0 50
11 17 2 46
26 15 2 50
6 15 0 55
27 6 0 61
6 15 0 54
23 5 2 60
28 4 0 60
15 8 0 55
19 7 0 55
7 23 1 51
28 15 0 56
0 2 0 45
14 9 0 49
2 25 3 37
16 24 2 48
27 4 1 51
1 17 0 43
25 5 0 49
7 17 3 56
10 14 2 56
10 25 2 55
5 17 2 54
7 9 1 53
16 25 0 56
16 13 2 54
22 20 1 56
9 10 2 49
16 21 0 51
28 6 0 53
25 7 2 52
8 7 2 45
3 3 0 43
6 10 3 43
24 24 1 49
22 20 3 60
15 9 2 57
8 11 2 53
11 1 2 55
5 4 0 52
27 26 0 58
5 17 2 51
11 26 0 51
10 9 0 50
18 26 0 52
19 2 2 50
20 1 1 50
18 15 2 49
8 5 0 43
14 8 0 45
4 8 2 41
25 20 3 59
1 17 1 53
24 20 2 59
24 13 0 58
28 4 0 58
4 3 2 50
4 8 0 49
7 8 1 49
28 12 3 56
20 6 3 53
19 14 0 51
10 21 0 47
19 0 2 49
25 9 2 49
7 19 1 43
19 10 1 46
19 2 3 57
1 18 0 52
4 19 0 53
1 9 3 50
17 10 1 56
7 0 0 51
15 0 0 53
15 6 0 52
6 7 1 48
2 26 2 38
26 7 2 52
0 15 1 44
21 17 3 50
8 7 0 44
26 22 2 49
0 1 0 39
2 24 3 45
1 21 0 50
3 24 2 63
15 16 0 54
6 21 0 52
28 12 2 58
20 12 1 55
8 24 3 50
24 9 0 54
20 20 0 53
6 2 0 46
6 16 2 46
2 9 0 44
6 22 0 46
22 17 2 49
22 9 1 47
1 23 1 45
1 21 3 46
3 21 2 54
23 3 1 57
2 3 3 50
6 20 0 52
5 12 2 50
25 1 0 56
13 7 0 51
26 23 0 55
24 20 2 53
28 6 3 53
28 15 0 53
4 9 3 44
21 4 0 48
6 5 1 41
0 28 2 56
1 14 3 65
0 28 3 55
26 3 1 58
17 1 0 55
21 6 2 57
8 3 2 51
28 4 2 57
27 2 0 55
23 17 0 54
19 3 2 51
24 3 2 52
6 18 1 46
8 21 1 46
17 1 0 47
9 24 0 43
3 25 3 58
25 7 0 72
0 28 1 57
27 5 3 58
18 15 1 56
20 12 0 57
24 5 2 57
11 8 2 52
1 17 1 49
12 24 0 50
16 17 2 50
27 5 1 52
7 4 3 44
20 1 1 49
26 1 3 50
25 1 2 49
3 26 1 57
21 27 2 71
0 27 1 56
0 4 1 50
27 3 3 58
18 2 2 56
19 15 2 56
11 20 3 52
16 24 2 53
11 3 0 50
22 15 0 53
28 22 0 54
22 1 3 51
26 7 0 52
25 8 0 50
3 5 3 42
12 0 1 53
4 4 0 53
11 3 0 53
3 0 2 53
13 0 1 53
0 0 0 53
10 1 0 53
22 18 3 161
19 28 0 166
24 18 3 162
18 0 0 54
21 0 0 36
8 4 3 -103
24 1 2 14
27 2 3 15
8 28 1 -86
0 3 3 53
13 6 0 51
6 2 1 53
20 11 1 164
8 1 3 53
21 13 0 164
24 1 0 170
10 5 2 54
23 25 2 161
12 5 0 54
21 27 2 168
21 2 0 17
17 23 2 8
1 1 0 -103
22 13 0 5
14 0 0 -108
13 7 2 51
19 28 1 164
12 1 2 53
7 5 3 53
8 3 2 53
10 2 1 53
6 2 2 54
7 2 1 54
12 2 1 54
17 0 0 54
17 5 0 55
18 11 0 15
24 3 0 15
25 3 0 16
27 3 0 15
23 5 1 5
12 8 2 51
7 5 0 53
22 11 2 164
12 1 1 53
14 5 1 52
11 2 2 53
23 25 0 162
20 28 2 165
13 1 1 55
18 0 0 55
18 7 0 34
10 1 3 -92
28 4 0 21
27 14 0 16
22 13 1 17
21 11 0 18
1 7 1 51
1 7 0 48
3 7 0 49
5 7 0 51
4 5 0 52
15 1 0 52
13 8 2 53
8 3 3 55
25 0 3 173
17 5 0 53
21 5 0 13
21 22 0 16
21 21 0 17
28 8 3 19
20 20 3 22
19 22 1 20
0 9 1 44
28 23 0 130
28 4 2 133
5 9 0 43
7 9 0 50
12 1 2 53
4 4 1 54
8 5 2 55
4 4 1 57
17 9 0 36
25 3 0 15
24 2 1 16
14 9 2 -102
4 7 0 -85
5 6 0 -85
9 8 1 -87
28 9 1 123
5 7 1 21
14 9 0 14
18 15 0 139
4 9 0 58
7 8 0 55
11 11 0 66
0 17 2 85
14 11 0 69
19 8 0 11
19 15 2 16
9 6 3 -94
12 6 2 -97
26 12 0 19
27 3 0 18
26 10 0 11
9 21 0 41
5 9 3 30
9 20 2 60
6 13 0 67
8 17 3 73
0 17 3 75
0 17 0 56
6 11 3 7
11 23 0 6
11 0 0 -103
15 4 2 -98
23 13 0 16
20 13 3 15
22 13 3 15
25 16 3 14
16 1 2 -96
1 8 0 4
13 9 2 -21
0 8 0 2
12 9 3 -21
28 0 1 100
12 9 2 -21
0 8 0 3
27 0 1 102
14 19 0 12
21 20 2 8
24 25 1 13
21 11 1 20
27 15 1 17
22 15 1 16
28 16 1 17
26 15 1 17
1 17 1 42
4 17 1 41
4 17 1 42
2 17 0 44
13 11 3 19
13 11 3 20
9 17 0 45
12 18 0 38
0 20 3 -69
18 14 0 15
24 12 2 16
14 1 2 -91
12 0 3 -90
24 12 3 21
22 22 0 21
23 13 2 20
14 10 2 20
0 13 2 65
13 10 2 30
12 10 3 29
13 10 3 30
6 12 3 42
5 12 2 43
17 8 0 27
8 9 1 -86
14 24 3 15
22 14 3 16
23 13 3 20
26 13 3 22
23 1 2 27
23 2 3 25
26 0 1 25
0 12 3 50
3 11 0 65
0 23 3 54
1 7 1 36
4 7 0 37
8 27 3 57
10 21 0 56
21 3 0 28
7 10 1 -84
23 24 0 11
12 5 2 -95
23 1 2 22
20 9 3 20
4 5 0 -92
23 28 2 20
22 25 2 19
8 22 2 43
10 9 2 31
8 28 1 48
6 27 0 46
5 6 3 26
11 10 2 32
19 1 0 36
23 0 0 26
15 21 2 13
24 1 1 20
27 1 3 22
4 5 3 -91
22 10 0 20
17 24 1 18
22 10 3 16
18 15 2 22
21 9 2 150
9 19 1 55
3 24 3 49
5 26 3 48
4 26 2 47
24 2 2 152
17 9 0 34
21 18 0 16
18 14 1 21
24 25 2 13
26 25 1 15
22 15 3 17
23 25 2 19
24 25 0 18
22 11 0 19
24 11 0 19
2 5 3 40
22 19 1 149
7 27 0 53
13 28 0 152
6 26 3 52
28 22 0 149
21 3 0 24
18 16 0 19
20 15 1 19
24 26 2 12
25 17 1 12
18 1 0 -97
22 12 3 21
10 2 3 -92
25 3 1 22
26 13 2 20
19 17 3 146
24 14 2 145
24 17 2 142
21 22 2 142
22 13 2 142
8 19 2 46
12 28 2 15
28 28 2 13
26 14 3 14
27 14 2 14
21 13 2 15
19 20 0 16
24 22 0 17
13 5 0 -95
22 27 2 16
19 25 2 21
1 0 0 19
7 27 3 14
8 23 2 16
3 4 3 16
2 3 2 20
22 11 2 -88
6 2 2 50
12 3 3 43
18 22 0 -82
12 8 0 19
1 28 0 19
0 20 3 15
23 0 0 3
23 6 1 -107
12 16 0 2
15 22 0 0
0 20 2 2
1 3 2 14
0 0 0 15
3 1 3 11
17 3 3 4
0 4 3 17
17 2 3 24
11 3 3 22
10 0 0 24
17 2 2 29
0 22 3 15
13 22 0 13
23 3 0 52
25 1 0 47
27 0 0 11
24 26 0 25
10 27 1 3
15 7 0 2
3 3 0 15
2 23 0 15
7 4 0 14
22 11 1 -104
4 1 2 13
21 19 2 -80
12 4 0 16
3 1 0 25
10 27 2 14
18 10 0 20
14 7 1 161
1 28 1 163
17 13 3 23
24 25 1 39
2 0 3 16
2 12 2 12
1 22 2 17
5 6 0 19
4 18 3 21
7 27 2 21
11 6 2 19
16 5 1 17
8 24 0 20
9 25 3 18
2 6 3 18
19 11 0 35
10 18 1 162
24 3 2 55
17 10 3 11
24 19 0 48
13 10 3 14
0 9 0 13
2 25 3 15
13 19 2 18
6 25 0 20
0 19 1 22
14 16 0 19
7 21 0 20
9 17 0 19
2 24 2 18
20 2 0 16
23 4 0 53
0 3 0 173
24 9 0 51
17 12 0 14
25 12 3 40
1 15 3 18
1 5 2 22
19 2 3 18
18 2 2 19
6 24 0 22
8 24 1 20
17 28 1 -76
10 24 3 19
17 5 3 19
14 6 3 16
18 11 0 29
22 9 0 50
22 10 2 51
24 13 0 42
21 3 0 14
24 13 3 41
21 11 3 -105
3 15 0 16
8 6 2 14
19 3 2 11
3 4 2 22
3 8 1 19
8 28 3 14
13 17 0 18
1 18 3 17
1 8 0 18
24 10 3 56
0 0 2 183
1 0 2 184
18 12 3 28
24 25 2 39
24 10 3 60
11 15 1 12
1 14 0 13
1 23 3 15
3 22 0 13
22 10 3 -102
15 4 1 12
22 10 2 -99
22 10 3 -100
0 4 2 15
6 27 0 21
20 14 0 69
20 14 0 70
20 14 1 70
15 19 3 16
24 25 1 40
20 14 0 56
1 21 0 13
7 27 3 14
2 15 1 21
3 28 0 15
1 14 3 22
1 19 3 19
0 15 3 20
2 15 3 19
7 21 3 14
17 12 0 13
19 18 2 59
22 15 0 57
22 15 1 59
13 24 3 7
26 8 0 30
22 15 0 56
10 26 0 15
2 14 0 16
17 7 0 17
4 22 0 11
1 28 0 19
1 20 0 18
24 4 3 -92
13 18 0 18
7 16 3 14
23 0 0 24
19 17 0 23
18 18 1 8
17 17 1 22
17 11 0 14
23 24 3 50
13 26 1 62
14 10 2 15
14 16 1 19
10 7 2 15
4 26 0 12
8 26 2 17
12 11 0 18
8 20 1 17
9 10 2 17
20 2 0 16
22 7 0 46
20 22 3 49
19 22 3 44
25 9 0 31
18 11 0 13
26 5 3 32
16 15 3 106
0 18 0 19
16 9 3 19
9 10 2 17
4 28 0 14
11 10 2 17
7 25 3 17
14 6 3 16
10 21 0 16
17 14 0 34
22 14 1 75
22 14 1 77
22 14 1 76
18 11 3 19
24 25 2 44
24 10 3 30
19 5 0 76
11 21 3 17
4 6 2 20
10 10 2 16
5 28 2 12
2 20 0 17
7 25 1 15
10 21 2 17
17 28 3 -79
25 10 3 22
22 12 2 25
10 5 1 146
23 8 2 38
20 3 3 8
28 19 0 10
24 7 3 35
26 6 3 72
12 24 1 19
5 6 0 20
3 16 0 16
5 28 0 13
1 21 3 17
10 25 0 18
13 16 0 17
10 16 3 17
24 12 3 31
21 11 0 31
1 0 3 156
25 4 0 47
12 8 0 5
23 28 3 66
14 27 3 63
24 6 3 49
8 24 1 20
11 24 0 20
3 22 2 17
5 28 2 15
9 20 3 21
9 9 2 17
7 27 0 15
18 9 0 17
23 5 0 36
10 16 1 143
10 8 3 145
24 12 0 26
17 11 0 9
24 20 0 55
25 12 3 57
13 24 3 140
18 5 1 20
0 19 1 19
3 24 0 16
5 28 2 15
0 27 3 18
11 8 0 18
1 15 1 19
25 9 3 22
3 1 0 145
0 3 3 149
0 1 0 149
18 12 3 14
15 20 0 25
28 2 2 30
15 27 0 64
12 24 3 142
18 16 2 -7
21 22 2 100
17 20 1 87
16 4 1 44
8 2 0 30
23 27 0 -28
6 0 3 59
15 0 0 55
14 0 2 53
21 1 3 53
24 1 3 54
5 4 0 53
26 1 3 53
18 0 0 52
23 1 2 52
4 6 1 51
18 18 0 0
21 22 2 104
6 9 1 55
9 28 0 71
17 11 3 50
18 21 3 -3
8 1 3 51
8 28 1 71
25 3 0 54
20 1 0 53
25 2 3 53
23 1 0 53
26 1 1 53
14 0 0 51
14 0 2 50
4 6 3 51
0 22 1 15
21 22 2 103
2 8 1 39
17 0 1 53
17 0 3 54
12 4 3 16
25 17 0 -18
14 3 0 59
14 0 1 68
18 4 0 60
19 3 0 55
21 2 0 52
5 2 2 52
16 0 0 51
5 2 2 50
4 6 3 51
0 4 1 22
21 22 2 104
2 9 3 39
24 0 3 53
6 6 0 49
9 6 0 48
16 18 3 -7
7 0 3 54
19 9 2 60
7 27 0 82
28 28 0 92
26 9 0 58
16 2 2 45
16 2 2 42
16 2 3 42
4 6 3 51
0 4 1 23
21 22 0 105
2 8 1 40
23 2 2 52
7 7 0 29
25 6 3 22
12 5 3 3
17 19 3 45
24 6 1 55
26 6 0 60
20 7 0 53
20 7 2 59
27 4 3 73
25 7 0 57
15 2 3 41
4 6 3 51
0 4 1 27
6 7 3 83
2 11 1 35
19 8 2 40
3 6 0 11
28 0 1 38
8 3 0 39
19 20 0 -4
7 1 3 62
23 22 1 65
19 9 0 54
5 26 0 75
28 26 1 80
17 5 1 54
27 9 0 51
4 6 1 50
0 4 3 35
6 7 1 84
2 10 1 42
22 12 3 61
28 21 1 81
28 22 1 71
12 18 2 77
11 4 3 -1
9 2 3 49
6 25 0 72
20 11 0 57
15 3 2 52
15 3 3 48
16 3 3 46
14 23 3 70
25 4 0 56
0 22 3 30
6 7 1 84
26 15 0 60
5 23 3 79
18 10 2 64
22 4 0 52
27 11 2 44
8 2 0 19
6 7 1 -57
10 9 3 65
6 12 3 43
4 23 3 63
4 23 2 59
5 23 3 59
23 23 0 63
24 8 2 36
0 21 3 18
6 7 1 84
26 16 0 61
11 16 0 57
7 12 1 35
11 20 3 78
6 5 2 49
11 12 0 44
21 28 3 -4
10 6 3 39
0 0 0 35
0 28 0 -6
0 26 1 -9
20 22 3 80
9 8 2 78
28 16 0 40
28 16 3 39
7 15 0 63
26 15 2 48
20 24 3 92
8 9 3 17
7 5 0 17
28 22 3 25
25 19 3 56
12 4 3 13
27 18 3 -3
0 0 2 36
7 9 1 15
7 9 0 11
26 19 2 62
28 17 0 37
28 10 0 -64
14 17 1 60
10 17 3 13
3 21 3 47
5 19 0 59
3 18 2 35
6 12 3 7
8 11 1 8
2 20 3 30
7 2 0 21
7 7 1 -64
0 0 2 28
7 8 3 7
8 10 1 6
22 19 1 60
4 7 3 -26
26 7 0 -52
19 26 2 69
26 19 1 87
0 0 1 39
26 7 1 -28
5 18 3 56
7 16 3 31
4 11 2 11
18 7 3 14
23 22 3 38
12 5 3 0
17 19 3 31
6 23 0 34
8 10 3 35
22 19 3 58
28 22 1 26
8 15 2 18
0 23 3 19
6 7 1 81
3 12 2 31
20 11 3 31
6 5 2 36
8 21 3 64
17 28 0 56
5 26 2 49
5 26 3 49
7 1 0 32
27 18 1 -20
7 1 3 43
22 10 2 32
25 27 3 56
24 10 2 33
24 10 2 34
8 3 0 44
1 22 0 71
18 10 0 31
22 10 0 35
21 10 1 34
6 5 2 39
6 20 0 73
16 27 0 59
7 28 0 55
26 11 0 39
15 13 3 -2
9 2 3 33
27 24 1 50
22 11 0 33
17 5 0 26
17 5 1 25
1 22 1 26
1 27 0 74
3 13 0 31
28 2 0 36
28 28 1 54
8 27 0 46
6 5 2 27
6 20 0 69
16 27 0 44
7 27 0 41
8 2 0 20
6 7 1 -62
18 28 3 48
8 28 1 43
17 5 1 15
24 4 1 23
1 22 3 26
21 22 0 96
3 6 2 30
26 28 0 52
5 26 0 42
19 6 0 20
5 27 2 43
7 24 0 33
6 20 0 71
17 1 0 24
6 1 0 25
21 28 3 -3
18 24 3 37
16 5 3 13
17 5 2 11
16 3 1 13
3 0 3 56
1 2 3 56
26 7 0 71
21 5 0 57
28 2 0 58
14 7 3 57
26 1 0 56
14 8 3 56
24 8 1 55
7 0 2 50
27 5 2 54
27 3 0 53
21 3 2 51
28 1 2 52
1 5 1 37
24 4 0 49
3 0 1 55
1 4 1 54
0 0 1 56
1 0 1 43
23 8 2 56
8 8 1 53
5 10 3 53
7 15 1 54
3 11 3 62
3 11 2 56
26 0 2 53
14 7 3 52
21 3 0 51
8 0 1 46
1 1 1 36
7 2 3 45
3 1 1 56
22 7 3 69
0 1 1 58
15 8 1 57
10 4 0 52
23 0 2 56
11 4 0 53
12 3 1 50
19 27 1 70
17 4 0 53
21 2 2 52
21 6 2 51
9 7 1 48
26 3 2 51
7 5 0 47
7 0 2 45
3 3 1 54
22 6 1 68
23 1 3 71
6 7 2 53
26 2 1 56
6 1 3 52
18 7 3 55
26 0 0 52
17 28 1 72
4 1 3 44
27 8 0 53
7 0 2 48
1 5 3 38
26 3 1 51
26 5 0 50
23 0 3 49
3 4 3 52
6 10 1 64
27 6 3 72
13 7 0 56
25 1 0 56
9 7 0 52
18 7 1 54
14 8 0 52
1 9 1 37
12 8 3 51
22 0 0 52
2 3 3 38
27 0 0 52
28 4 3 51
21 1 0 49
22 2 0 49
18 18 0 93
1 6 3 54
2 6 2 58
16 6 3 56
21 2 0 54
24 3 3 56
18 6 3 54
2 3 2 35
7 24 0 54
12 9 1 51
7 10 0 49
20 5 0 51
20 2 2 51
14 7 3 52
16 9 1 51
23 5 0 50
21 23 2 67
28 23 3 71
9 25 0 71
0 24 1 61
6 11 0 50
9 11 0 48
25 26 3 67
14 11 0 51
8 23 0 63
19 18 2 80
12 25 1 62
14 25 1 62
13 25 0 63
14 25 1 64
15 22 3 65
16 22 3 64
28 16 3 63
2 11 2 40
15 12 0 45
5 13 0 52
11 13 0 55
12 13 1 56
9 14 1 54
12 14 1 54
21 24 2 76
22 24 2 76
17 13 0 52
18 12 0 46
0 12 1 37
23 15 1 60
21 21 2 73
11 18 0 33
23 21 2 37
4 16 0 34
4 15 0 56
8 9 1 68
12 14 0 57
6 1 2 68
9 4 0 69
10 7 2 69
11 8 0 69
16 15 0 53
19 15 0 45
4 19 2 85
5 20 2 44
24 17 0 58
24 17 1 67
11 2 1 -4
0 5 2 -64
15 10 0 -44
16 10 0 -41
4 17 0 31
8 17 0 50
11 13 3 62
13 14 2 60
7 16 1 52
6 18 1 53
18 18 0 38
19 0 0 17
20 17 0 41
9 9 1 -23
5 10 1 -21
25 17 1 46
3 11 0 -14
19 16 3 -18
28 15 1 -3
19 17 0 -14
19 24 2 -42
1 17 0 22
6 17 0 38
12 18 0 46
13 20 0 25
17 19 1 18
20 20 1 44
17 0 2 13
21 19 0 35
15 21 3 -33
23 19 0 36
27 16 1 -10
26 16 1 -7
17 19 0 56
14 21 0 41
6 22 1 27
3 21 1 43
28 19 3 90
23 12 2 32
15 19 0 67
22 12 2 29
18 21 1 37
16 27 3 44
22 12 2 25
21 21 0 21
23 21 0 20
24 21 0 30
23 21 1 32
23 21 1 31
14 12 1 39
13 13 1 36
15 13 0 35
14 13 0 35
11 14 0 32
7 0 3 42
7 24 2 50
6 0 2 41
4 24 1 47
4 24 3 46
0 24 3 48
2 24 2 48
14 14 0 29
2 24 2 47
27 24 2 51
7 0 3 38
7 14 3 30
12 13 3 32
14 12 2 34
12 13 3 34
21 25 0 52
21 25 0 52
21 25 1 52
3 26 1 52
11 12 3 33
12 23 2 47
8 23 3 46
0 25 0 47
16 23 3 49
10 25 1 48
18 25 0 48
8 23 3 43
7 14 3 11
16 11 3 19
17 23 2 33
0 25 0 30
16 11 2 16
16 12 2 12
15 10 3 15
10 11 2 11
5 28 0 38
6 28 2 41
8 10 1 22
10 2 2 26
0 24 3 33
11 2 3 20
26 10 0 25
27 10 1 23
18 23 1 34
11 16 2 6
0 10 3 14
15 11 0 18
14 14 0 8
0 0 3 9
21 28 1 40
8 10 1 20
26 9 0 20
6 11 1 18
9 5 1 20
19 28 2 48
1 28 3 45
16 10 1 22
12 10 0 19
24 27 3 41
9 7 1 46
2 3 3 44
0 7 2 46
23 5 2 146
2 9 3 51
10 2 2 44
13 1 0 41
16 0 0 16
27 8 0 23
7 7 0 -81
18 0 0 15
21 2 0 15
2 3 0 -81
22 2 3 17
22 0 0 19
25 0 1 21
22 3 2 143
10 2 2 50
9 2 3 46
13 8 2 49
25 6 3 153
27 0 1 149
25 0 0 146
11 0 0 46
14 0 0 24
27 9 0 22
25 2 1 12
20 0 3 15
25 3 2 14
25 1 0 17
19 1 1 21
27 2 0 19
0 7 2 48
10 9 2 53
11 13 2 54
25 6 0 150
8 3 0 49
12 13 1 49
9 14 2 49
12 9 2 47
8 9 2 56
25 18 3 -21
20 3 0 16
24 3 0 15
18 0 1 20
2 0 1 -75
3 0 0 -74
28 2 2 21
8 10 1 52
8 10 0 55
10 3 1 50
4 5 2 47
27 4 0 141
24 6 2 145
1 14 0 51
23 3 2 148
23 12 2 100
11 9 1 -76
20 7 0 34
20 1 0 9
28 7 0 17
26 5 0 18
27 8 2 29
9 5 1 -70
22 4 0 144
1 11 2 54
2 1 0 51
9 7 3 55
11 10 3 49
4 21 1 55
24 7 2 150
9 8 2 57
14 15 0 59
24 18 2 -15
26 22 2 -12
21 6 0 21
18 1 0 11
28 1 1 5
2 4 3 -92
28 7 0 16
6 14 3 47
6 0 2 44
12 16 1 45
13 16 0 44
28 6 0 136
8 0 3 44
9 15 2 47
6 0 3 49
15 4 0 46
2 14 1 -62
25 22 2 -15
11 1 0 -15
25 10 0 17
22 1 3 11
28 0 3 3
22 1 2 5
26 6 2 141
13 19 1 46
3 8 2 45
9 26 3 53
2 14 3 53
10 20 3 53
18 1 1 148
12 21 1 59
15 5 0 44
1 4 3 -64
24 18 1 -7
22 15 0 34
24 12 0 31
24 11 0 9
27 10 0 17
20 0 0 9
7 8 1 41
6 20 2 45
10 18 1 51
6 18 0 52
11 18 3 47
13 20 0 48
11 22 0 47
5 10 0 50
15 6 0 38
6 12 2 -55
24 17 3 -11
14 7 1 -19
3 4 2 -14
13 19 1 -14
26 13 0 29
23 25 1 -27
5 25 3 47
23 13 1 97
7 19 3 55
6 19 1 52
12 16 3 52
10 23 0 52
13 18 0 54
18 13 1 135
15 9 0 35
3 13 1 -52
11 7 0 -68
21 14 0 33
23 16 0 36
28 6 0 79
25 22 0 48
16 16 0 -16
7 10 3 41
6 10 3 41
12 17 0 45
4 19 2 46
9 28 2 42
10 18 2 44
12 17 0 40
12 17 0 41
16 6 2 41
17 15 3 32
19 12 3 12
21 17 0 28
23 17 0 36
6 9 1 -32
26 24 0 45
16 27 2 8
28 7 2 139
0 22 3 39
28 7 3 138
24 16 2 89
3 16 2 46
12 28 1 49
25 6 3 140
6 18 1 53
16 4 0 38
17 20 0 26
21 16 3 17
20 13 0 22
24 18 0 40
18 14 2 46
9 11 2 55
25 18 1 9
14 6 1 52
4 16 2 60
6 27 1 55
12 4 3 43
11 27 3 51
10 25 0 49
5 27 1 54
24 15 1 93
16 4 0 40
18 11 0 38
22 11 0 34
20 18 0 12
23 17 0 30
25 19 0 25
12 27 2 52
16 19 0 28
11 17 3 51
11 20 1 42
9 28 0 51
6 25 1 42
9 19 0 46
8 8 2 45
11 21 3 48
22 27 1 92
16 4 0 39
18 17 0 28
21 14 0 34
21 7 0 32
23 21 0 25
16 8 3 46
0 27 1 58
16 20 2 42
2 28 1 40
24 17 3 90
13 16 1 49
9 16 0 47
6 14 2 45
7 18 1 46
10 25 0 46
26 5 0 129
16 6 0 30
22 14 3 7
21 18 0 20
21 13 3 35
14 10 3 -23
26 23 0 47
23 7 0 150
16 12 2 32
8 19 3 40
3 21 2 41
5 0 2 41
0 21 2 39
12 28 1 41
3 17 0 46
2 18 3 41
1 23 3 56
16 14 0 30
9 8 3 -32
19 14 0 18
22 12 3 34
17 21 2 48
6 11 3 47
7 17 0 47
16 6 2 20
2 25 2 49
27 23 1 59
21 28 3 110
2 27 0 54
17 24 0 113
18 17 1 122
18 17 0 128
13 20 3 52
17 5 2 34
22 14 0 23
19 12 3 16
18 17 3 39
6 25 0 -18
14 4 2 31
6 11 0 44
16 5 2 25
0 11 2 30
1 0 0 18
2 6 2 15
5 2 0 16
7 1 0 18
2 11 2 28
4 11 2 28
19 0 3 36
2 10 3 151
7 6 1 138
3 9 3 157
10 5 3 6
20 12 0 51
19 8 3 41
7 17 3 90
16 3 3 42
27 5 1 -77
0 5 2 14
5 3 3 11
5 7 2 17
9 2 2 19
0 13 3 28
10 2 0 16
9 23 2 61
28 26 1 62
28 1 2 59
13 4 3 53
10 1 3 5
18 25 3 -27
18 7 3 63
27 6 1 51
16 4 3 51
0 3 0 20
0 4 2 15
5 0 1 10
5 5 2 18
7 3 0 16
0 4 2 18
19 8 3 26
27 9 3 60
27 9 3 59
7 9 3 142
18 6 0 33
1 0 3 8
22 1 3 67
20 21 0 40
26 11 1 53
1 24 1 97
0 13 1 30
4 11 0 27
3 6 0 12
2 6 3 19
9 0 3 19
7 0 0 17
20 0 3 42
25 20 2 55
14 15 2 59
21 28 1 59
20 0 0 36
21 5 2 70
25 0 1 85
1 14 3 151
15 4 1 51
22 27 3 55
0 7 0 18
2 11 1 28
4 6 3 11
5 5 0 19
8 6 0 19
0 13 1 29
19 0 3 47
17 1 1 45
28 4 3 53
26 22 1 61
11 2 3 19
11 2 0 37
20 2 3 47
9 3 0 141
11 14 3 56
24 22 1 54
9 3 3 3
3 12 2 13
3 9 0 12
5 9 0 15
7 9 0 16
8 9 0 30
28 9 1 45
15 9 1 43
7 9 0 133
0 23 3 96
10 2 3 8
20 12 0 56
18 22 0 -2
2 24 3 93
28 8 0 40
27 2 0 31
3 10 1 14
8 0 1 4
7 5 3 2
1 13 1 13
0 13 0 15
20 0 3 22
26 8 0 41
1 24 2 89
26 9 0 36
17 8 0 35
10 23 1 -82
18 25 3 -23
18 3 3 25
2 24 1 92
28 22 2 40
5 8 0 135
5 11 0 14
7 7 0 4
1 11 0 16
6 12 0 15
7 13 0 19
7 22 2 42
2 2 2 136
27 4 1 38
1 8 0 141
18 7 0 26
2 0 3 10
20 1 0 45
27 28 0 45
9 24 1 46
21 27 2 45
26 22 2 44
10 1 1 3
7 5 2 4
1 17 0 17
15 15 1 -8
2 3 0 83
8 27 0 61
26 16 1 48
4 8 2 144
23 20 0 46
9 8 3 69
21 2 3 14
21 1 0 62
1 18 1 121
12 23 3 41
2 8 3 144
27 15 1 47
7 17 1 -39
4 28 1 8
21 24 1 -56
6 17 0 25
27 3 3 -11
17 6 3 47
25 23 0 55
28 2 1 47
17 3 2 40
16 25 1 16
6 15 0 144
19 17 1 57
12 11 0 54
13 5 0 41
25 9 0 59
13 11 0 52
5 15 1 25
21 24 1 -43
5 17 3 14
5 18 0 24
19 28 3 -8
17 1 0 48
22 22 0 56
10 20 0 46
16 3 1 46
17 19 0 8
18 2 1 103
5 28 2 133
26 18 2 50
17 1 2 40
27 8 2 48
9 27 2 54
15 17 0 -20
27 25 3 -48
27 23 0 -48
2 14 2 44
7 21 0 45
22 28 0 48
9 21 1 47
2 7 3 140
16 11 0 59
19 8 3 61
14 21 0 101
16 9 3 52
2 2 2 142
12 25 0 52
2 18 1 125
27 1 3 42
24 11 1 -4
6 13 1 38
6 12 1 34
5 11 2 35
20 1 1 41
26 12 2 51
26 20 2 45
0 17 3 124
17 9 0 45
9 11 0 73
8 23 1 111
14 13 2 45
1 15 2 132
16 8 1 43
22 25 3 45
26 23 1 53
18 0 1 -6
17 2 0 -9
12 10 2 4
6 14 1 45
10 7 2 23
11 27 1 45
28 15 1 42
15 13 0 48
17 13 0 42
18 7 3 83
7 22 1 110
5 8 2 139
24 28 2 46
15 10 3 55
26 23 2 45
11 23 2 45
0 28 0 25
2 27 0 37
0 23 0 27
4 13 1 35
20 1 3 29
14 14 3 43
9 28 3 48
28 21 2 46
16 25 3 9
16 15 1 98
20 24 0 56
2 27 2 94
13 5 1 38
27 15 1 46
27 15 0 48
24 28 0 49
7 18 2 -35
5 17 0 45
7 5 2 87
7 21 3 3
17 27 0 -7
4 19 0 105
14 21 2 47
6 1 0 134
15 26 3 11
5 17 2 152
7 16 3 84
28 21 3 41
13 24 0 43
5 18 0 99
10 15 2 47
2 14 2 131
26 2 1 38
26 2 0 90
18 18 0 45
3 9 2 50
11 6 2 42
11 3 1 43
3 9 0 48
23 20 2 44
15 0 0 33
21 3 3 63
1 9 2 45
22 1 0 21
3 2 1 -60
27 1 0 43
14 7 3 44
12 11 0 42
25 11 0 48
1 0 0 64
25 16 1 51
12 4 2 51
11 2 3 50
11 14 3 49
4 1 0 51
13 4 2 51
6 2 3 52
15 0 0 44
28 5 0 67
26 14 0 49
3 1 1 -79
26 12 3 44
14 9 2 49
5 18 2 53
15 1 1 49
8 2 0 50
6 15 1 54
15 8 2 53
7 11 1 50
28 2 1 49
13 10 3 47
6 16 2 50
2 18 1 51
12 1 0 49
28 18 0 47
22 5 3 65
28 10 3 15
28 10 2 37
16 6 2 51
14 3 1 53
7 5 2 49
7 16 3 55
13 16 0 55
9 5 0 58
24 19 1 61
7 25 0 58
10 5 1 52
9 16 2 52
7 16 2 51
2 13 0 58
12 5 0 47
28 18 0 44
21 1 0 84
26 5 0 61
27 15 3 58
20 12 3 48
2 22 1 46
6 16 2 49
14 1 2 47
7 13 2 50
11 9 3 43
7 6 3 43
7 3 0 48
6 4 0 43
5 17 2 50
8 6 3 48
4 11 0 51
0 24 0 45
22 19 1 52
23 2 0 -3
22 0 3 37
24 19 0 49
19 21 3 41
21 20 0 39
5 27 1 47
21 20 3 46
24 20 2 56
10 9 0 49
0 9 3 52
19 10 0 50
9 12 1 49
2 9 1 53
14 17 0 43
5 22 2 49
3 27 0 48
26 12 0 33
3 11 0 -60
25 12 3 39
14 0 2 38
1 13 3 43
7 26 0 46
21 21 2 50
21 28 1 54
23 27 1 53
24 15 0 54
18 26 1 57
7 6 2 48
11 14 1 48
22 14 2 56
25 25 1 52
28 26 1 64
25 13 0 54
26 8 0 -6
26 10 3 43
14 0 1 42
13 25 3 44
8 19 3 45
7 6 0 47
21 19 3 48
13 20 2 51
18 13 3 49
16 27 0 57
6 10 2 54
17 13 0 49
14 0 3 51
20 19 0 55
19 5 3 53
13 26 3 52
27 13 0 32
1 2 2 -58
9 27 2 48
14 28 0 57
25 20 2 55
20 11 1 42
8 12 2 47
11 9 1 45
7 28 0 58
11 8 0 54
20 11 0 50
2 13 0 59
24 24 1 56
0 8 0 57
2 19 2 47
10 6 3 41
25 12 0 46
26 6 2 13
4 12 2 46
16 17 3 48
20 20 0 54
1 12 2 53
7 6 0 42
1 12 3 46
19 25 3 40
2 12 3 50
1 12 2 49
4 12 3 46
22 20 0 54
21 21 2 48
22 20 1 55
23 23 2 51
19 13 0 41
22 0 3 90
20 21 0 55
15 26 2 49
18 18 2 39
12 20 3 50
8 17 3 47
19 26 1 43
23 19 0 49
7 22 3 41
0 21 3 41
19 21 2 50
6 11 2 46
5 18 2 46
20 11 3 45
20 11 2 46
11 18 3 48
26 1 3 46
11 27 2 46
18 28 2 46
5 7 0 51
0 13 3 51
13 24 0 43
19 15 3 45
6 23 3 48
17 3 3 50
7 10 0 42
0 11 1 58
20 21 0 44
19 21 1 39
25 20 2 43
8 6 3 37
5 24 2 38
5 7 2 39
7 17 0 54
3 28 1 50
14 24 3 45
2 13 2 45
22 8 0 47
20 24 1 48
18 20 1 51
12 25 2 48
25 19 0 50
6 23 2 53
2 13 3 57
28 22 1 54
0 10 0 54
19 24 0 39
15 28 0 49
21 6 3 42
18 18 1 54
4 20 3 45
1 28 3 42
21 10 2 41
23 10 3 43
18 19 1 50
0 25 2 52
23 19 1 51
18 22 3 49
4 12 2 50
25 20 2 49
4 21 3 53
25 27 3 54
4 13 3 48
2 9 2 46
0 3 2 36
12 21 1 46
19 9 3 44
5 20 2 41
1 10 1 46
6 27 1 40
1 13 1 54
2 10 0 51
7 26 2 42
23 20 0 45
18 11 3 40
3 17 0 47
16 17 3 53
7 26 1 51
4 23 2 51
14 25 3 45
17 3 2 38
6 17 1 46
21 6 3 43
12 16 1 35
17 18 2 47
21 17 0 38
17 20 3 43
27 18 2 53
1 20 1 49
2 13 1 52
6 25 2 50
15 23 1 43
27 2 2 40
20 4 2 47
5 28 2 49
12 22 3 43
16 27 0 42
16 4 3 54
17 4 2 53
26 4 1 52
5 10 1 47
23 5 0 47
26 0 1 52
7 5 1 51
8 26 1 47
16 4 0 49
0 1 2 40
2 17 1 41
1 5 0 43
14 2 1 45
15 2 1 45
9 27 1 41
27 26 0 47
20 5 0 56
18 4 0 56
24 3 3 53
0 10 0 46
14 6 1 52
10 2 2 49
7 27 3 51
28 2 0 51
20 6 0 52
25 13 3 54
25 5 0 51
21 10 0 48
10 28 3 47
22 10 1 42
22 10 1 46
8 27 2 48
19 3 0 57
16 20 2 60
5 8 1 53
3 6 1 49
27 3 1 50
1 4 0 43
13 10 2 49
23 3 0 45
22 8 0 48
3 7 1 42
28 0 2 43
7 11 0 45
3 6 1 42
20 10 3 44
19 22 1 53
15 26 3 50
7 24 2 53
24 22 2 53
3 9 0 56
17 19 0 55
14 19 0 56
7 24 2 47
18 25 3 47
15 20 2 46
4 10 3 42
10 15 1 45
26 4 0 44
17 0 1 42
20 3 3 45
25 5 0 43
13 18 3 50
8 7 0 43
28 18 2 50
15 13 2 43
23 8 1 46
11 20 3 47
27 15 2 46
18 12 1 47
18 19 1 55
6 11 0 48
6 5 3 43
17 25 2 50
16 26 0 51
26 28 3 54
22 10 2 52
9 27 0 52
7 27 0 53
2 9 2 52
26 20 0 47
15 14 3 49
26 14 3 50
13 10 2 45
11 10 3 44
14 26 1 48
25 6 1 45
26 7 3 46
21 12 3 45
8 27 3 48
4 6 2 44
15 26 0 36
8 27 3 38
22 5 1 32
28 8 2 36
28 8 3 22
17 22 1 65
21 15 0 58
26 26 2 59
20 12 3 47
11 28 2 47
12 24 1 49
13 21 1 47
21 7 2 51
22 1 0 46
19 17 3 54
14 27 0 51
17 19 2 61
26 23 2 53
26 6 0 46
13 3 2 41
16 27 3 46
0 28 3 49
25 0 3 50
16 13 3 48
11 28 3 46
13 10 3 40
4 20 3 47
24 26 1 55
21 25 2 49
11 13 1 42
26 5 0 43
14 25 3 43
16 11 3 38
11 28 0 42
6 21 2 50
19 13 0 44
28 0 2 44
0 18 2 56
28 17 2 52
25 8 3 51
5 15 2 43
19 28 3 53
4 23 1 43
17 13 0 48
21 2 0 51
5 7 0 46
26 27 1 55
24 26 0 55
21 0 0 41
15 24 0 47
23 27 3 43
24 5 0 45
24 19 1 47
2 23 0 72
28 8 1 59
26 9 3 57
24 1 2 46
28 8 1 51
28 9 3 53
10 28 0 45
8 28 1 48
26 8 0 51
23 1 2 42
25 8 0 44
11 20 3 46
26 9 2 50
25 0 0 45
26 9 3 49
28 8 0 51
1 24 0 49
2 20 0 48
26 27 0 44
23 27 2 51
24 22 0 45
8 28 0 43
21 12 1 36
4 11 3 35
21 22 3 50
14 20 2 41
27 28 0 40
8 23 3 42
13 10 3 42
28 25 3 46
25 14 0 54
25 21 1 42
0 24 3 17
2 22 0 69
23 26 1 47
23 23 2 48
28 18 2 40
25 25 3 43
25 20 3 47
27 7 3 47
19 28 1 49
21 8 2 37
18 10 0 29
9 23 1 40
26 10 1 40
0 27 1 55
4 24 3 42
23 8 1 45
0 20 3 31
1 23 0 60
1 17 0 37
24 18 0 48
25 18 1 47
24 8 3 38
25 22 1 47
14 21 1 50
23 23 0 44
15 16 0 37
4 23 2 35
16 16 0 39
14 26 1 47
15 26 2 46
25 19 1 42
22 19 1 52
13 27 2 49
1 26 0 26
1 24 3 73
16 27 2 50
22 11 3 50
9 21 3 58
8 28 2 48
12 22 0 47
18 28 3 37
24 8 2 48
21 28 0 41
14 16 2 40
24 10 1 41
17 16 2 42
24 8 2 45
19 10 1 46
13 27 0 47
1 23 3 25
0 20 0 68
16 27 1 43
26 22 0 48
23 23 1 54
24 22 3 54
16 10 3 55
11 25 3 46
15 21 0 46
24 23 2 45
14 9 1 40
6 28 3 45
19 11 3 33
7 27 0 43
27 8 1 42
20 10 3 44
0 28 0 51
1 25 0 34
4 25 0 60
9 24 0 37
10 23 2 28
14 19 3 43
8 28 2 50
28 10 1 48
15 21 2 41
6 15 1 45
26 8 2 49
24 23 3 54
19 26 0 45
24 21 0 44
21 23 3 56
