128 32 64 4
7 0 0 28
8 1 1 24
6 0 1 25
12 10 0 40
12 11 1 40
7 8 1 55
4 8 2 57
9 12 1 79
11 10 3 115
7 1 0 97
1 9 2 52
4 0 1 -4
0 0 1 -2
9 1 0 8
11 9 1 11
8 12 3 24
12 12 2 125
0 2 2 58
6 12 3 65
1 10 3 27
0 8 2 39
12 9 2 116
4 1 0 -12
8 12 0 12
0 5 1 26
1 9 0 42
4 4 0 -6
0 8 2 32
3 0 1 94
6 8 0 70
3 2 3 -31
4 0 2 0
11 11 3 103
1 3 2 22
1 9 3 19
12 6 3 111
7 7 0 19
7 4 0 -87
10 10 3 17
11 10 0 20
0 8 0 29
12 10 0 109
2 9 1 29
9 6 0 12
10 12 1 -26
12 6 0 23
12 9 1 13
12 10 1 14
4 0 1 73
1 10 0 13
11 12 3 -32
12 10 3 -31
1 10 3 31
11 10 0 14
12 11 0 13
12 11 2 13
0 9 3 63
0 7 0 58
2 3 2 -3
5 12 0 16
0 3 1 21
9 12 2 6
12 11 0 12
11 10 3 16
9 10 2 132
4 0 0 96
4 4 3 100
1 12 3 37
3 4 3 19
10 1 2 15
1 3 2 25
8 9 2 23
7 0 0 6
1 2 0 15
4 2 2 12
6 12 2 10
11 1 2 13
8 1 0 17
10 1 0 19
0 4 0 28
12 5 0 6
8 2 3 9
8 2 2 8
4 1 3 18
0 6 1 21
12 7 0 16
11 3 0 14
1 2 2 25
10 0 1 4
10 1 1 5
3 4 0 21
4 7 0 65
12 6 0 12
9 5 0 17
12 0 1 12
10 0 0 14
8 2 1 7
0 7 0 11
1 12 0 27
6 6 0 19
10 0 2 13
10 4 0 18
10 1 2 14
11 7 1 17
11 1 1 5
1 9 0 13
3 9 0 57
12 0 3 9
10 0 0 12
12 0 2 15
7 1 2 18
8 2 2 20
7 2 1 6
1 12 0 26
3 11 0 41
8 10 1 16
11 1 2 14
1 5 2 30
5 5 2 18
9 0 2 16
4 9 3 15
5 11 3 95
1 12 1 61
3 3 1 18
8 1 0 16
7 9 2 23
7 6 1 26
0 9 1 21
1 0 0 28
12 6 2 77
0 6 1 154
12 0 2 66
8 5 2 41
8 1 3 62
11 0 0 25
1 1 3 4
0 12 3 18
1 1 0 19
3 0 0 29
12 12 2 54
8 0 2 16
10 1 0 38
9 3 3 57
11 5 3 60
1 7 3 15
1 5 2 17
12 7 3 -57
11 10 1 35
8 1 0 1
11 3 0 21
11 4 2 61
10 3 1 65
4 8 1 15
2 6 0 16
0 3 3 15
5 6 0 16
7 5 0 18
12 7 0 35
12 5 1 41
0 3 1 128
4 7 3 16
0 10 1 19
0 11 0 19
2 7 1 14
1 10 3 14
9 7 0 15
0 6 2 114
5 9 3 119
1 7 0 17
5 7 3 19
2 7 0 19
0 10 3 18
1 10 1 15
3 9 3 17
11 9 0 25
12 7 1 38
2 11 2 16
1 11 0 16
7 9 3 19
2 3 3 20
11 5 2 -54
4 11 1 16
8 10 1 14
7 1 1 -47
4 8 3 15
5 9 0 18
5 8 1 20
8 0 0 72
12 0 1 64
8 4 3 29
8 0 1 0
11 6 3 -60
0 12 2 54
2 3 0 32
4 1 0 41
4 0 0 49
6 3 2 55
1 12 0 24
2 2 0 20
11 5 1 56
0 2 0 29
3 0 0 28
3 1 0 41
4 1 0 45
6 2 0 21
6 2 3 17
2 2 2 16
1 4 2 19
3 10 1 69
2 3 0 35
10 5 2 66
2 3 3 40
5 6 0 25
2 6 3 17
12 0 1 38
1 1 2 28
2 4 1 53
4 0 2 38
2 4 3 46
5 5 0 13
0 3 3 -100
4 1 1 16
2 4 2 19
1 2 0 30
4 1 2 49
1 6 0 43
6 1 0 41
10 4 2 -103
6 6 3 0
2 2 2 13
0 2 3 16
0 5 3 23
0 9 0 42
5 12 3 -16
3 10 0 29
7 9 1 45
5 2 3 15
5 11 0 34
9 10 1 28
12 8 0 38
2 11 0 -33
2 11 0 10
2 1 2 25
3 0 2 39
2 3 1 43
9 11 0 54
9 11 1 57
11 9 0 56
5 12 2 -102
2 12 0 10
2 1 2 24
5 12 0 49
5 12 1 58
11 3 3 74
0 3 3 41
8 9 3 94
6 12 2 155
12 5 3 64
2 0 0 12
5 0 0 24
12 10 2 22
10 10 1 30
2 0 3 22
8 9 3 96
0 4 1 80
1 1 0 30
1 12 0 -15
10 11 0 27
12 6 2 41
8 1 0 42
11 11 0 27
12 10 1 25
7 8 2 93
12 11 3 17
9 12 3 9
10 12 2 25
5 11 0 110
8 3 0 39
0 12 1 89
12 6 0 42
1 5 1 38
0 5 0 15
1 12 0 -18
10 11 0 9
7 4 0 23
8 5 0 13
12 12 1 16
3 11 0 117
6 7 3 -8
8 7 3 -12
2 8 0 15
3 9 3 3
0 12 0 16
8 9 0 1
12 8 0 33
6 12 3 117
12 4 1 12
1 10 0 37
2 12 0 8
5 9 0 17
6 11 0 7
8 12 0 8
6 11 2 126
7 12 1 114
11 12 3 -16
1 12 0 9
6 12 1 7
6 12 0 10
5 12 2 6
9 10 0 11
6 11 0 132
5 12 0 123
0 12 0 23
12 12 0 -83
6 12 3 7
3 12 3 8
3 12 3 6
9 12 0 28
12 12 0 41
6 12 3 126
12 7 3 79
8 6 3 88
0 0 0 64
5 0 0 33
2 4 3 -67
11 8 2 18
11 5 3 39
0 4 1 -56
9 7 2 105
2 6 0 37
11 6 2 116
10 6 3 121
9 2 3 16
0 8 2 -43
11 2 0 87
9 5 3 18
0 7 0 43
1 7 1 51
11 6 0 122
10 6 1 119
9 2 3 14
9 6 0 24
5 0 3 75
7 10 2 40
10 7 0 106
1 5 0 41
3 5 0 41
3 11 1 40
7 9 0 28
4 8 1 -61
11 6 0 32
9 5 1 34
3 11 2 23
0 10 0 50
11 7 1 122
10 8 3 121
7 11 0 26
2 12 2 -64
3 11 2 -59
2 12 2 -49
9 8 0 103
1 9 0 44
3 11 3 43
2 11 1 44
9 2 1 -2
10 8 0 10
3 11 2 -61
11 9 0 25
12 7 2 94
9 8 2 120
3 11 0 43
3 9 2 42
9 3 1 -22
10 10 0 -2
10 11 0 3
9 12 0 19
11 8 2 107
11 8 2 120
3 11 0 43
5 7 0 45
10 5 2 -13
5 0 1 9
9 10 3 101
8 12 1 61
0 0 0 16
1 0 0 19
8 11 0 0
9 11 2 94
8 10 2 91
4 6 2 40
8 2 1 16
2 1 2 18
0 1 0 13
1 1 0 17
3 2 0 18
8 1 0 30
8 2 0 26
5 2 1 13
4 7 1 26
4 7 0 51
0 3 0 14
1 2 0 15
2 3 0 19
6 5 3 22
1 0 1 20
1 1 3 15
4 10 1 50
4 7 2 37
8 0 3 0
1 5 0 39
9 0 2 9
1 1 0 18
1 0 3 18
4 7 1 23
4 10 2 48
7 11 3 -9
8 3 2 24
1 8 0 37
4 10 0 41
5 4 0 13
1 2 0 21
9 7 0 35
3 0 1 18
10 2 0 17
9 1 3 22
9 12 0 24
3 11 0 66
9 2 1 1
8 1 3 11
0 4 0 22
1 10 3 -38
3 5 1 -17
7 11 0 72
8 12 3 60
7 11 2 104
4 7 0 32
6 3 0 38
9 12 0 35
10 11 0 54
1 10 0 25
11 10 3 20
10 11 3 43
1 8 0 58
4 10 0 69
1 10 1 2
9 12 2 34
11 11 2 50
0 10 2 52
0 7 0 14
1 0 0 29
9 9 2 -1
5 0 0 48
5 0 1 54
10 9 1 5
0 10 2 59
2 3 2 43
0 7 0 19
4 0 0 -30
9 9 0 -1
5 1 0 56
2 0 3 104
1 2 1 75
0 10 1 74
0 7 2 133
0 7 2 9
5 2 0 -56
5 10 0 15
4 0 2 46
3 2 1 96
4 12 2 92
1 10 2 75
9 9 2 -8
10 7 2 -139
6 12 0 -60
2 5 0 18
6 5 3 8
12 0 0 39
9 7 0 53
11 12 3 43
1 9 0 106
2 7 1 2
11 9 3 -151
3 8 0 18
10 8 0 20
11 7 1 24
10 7 0 48
7 9 2 69
4 8 1 86
0 10 0 14
1 8 0 3
3 8 2 30
5 9 0 42
7 9 0 48
9 9 0 53
10 7 3 62
4 8 3 71
10 7 0 1
5 12 3 38
3 9 0 10
8 9 0 4
7 9 0 27
8 10 0 44
11 10 0 49
3 7 3 68
4 1 0 36
5 12 3 107
2 9 3 12
6 11 0 -2
7 12 0 18
9 12 0 6
11 12 1 6
0 9 2 48
12 8 1 -68
2 0 0 8
11 2 1 -82
11 7 1 -79
11 11 3 -84
9 3 0 22
12 4 3 38
12 4 0 37
0 3 0 16
11 1 1 -68
3 1 0 8
6 1 2 14
0 0 2 -1
9 4 0 29
12 2 3 37
12 5 2 40
4 3 1 10
12 8 2 -75
12 3 3 -78
12 12 3 -83
6 3 0 0
9 5 0 41
11 2 2 36
12 9 0 40
11 1 1 -76
1 5 0 4
3 4 0 7
4 5 0 0
4 12 3 -12
9 11 0 34
11 1 1 36
12 3 2 42
11 7 1 -76
0 7 0 6
6 8 1 1
6 9 0 12
7 3 0 8
6 3 3 121
12 2 2 35
12 4 0 42
12 6 1 -81
5 10 1 -12
5 10 1 5
4 11 3 35
7 6 0 6
10 6 2 38
12 7 0 37
12 4 2 43
3 4 0 5
0 11 0 5
5 6 3 8
4 7 2 50
7 11 0 13
10 6 2 38
12 7 0 38
11 0 3 45
2 0 0 -16
6 2 1 -5
7 0 0 6
5 4 0 17
8 5 0 14
10 7 2 37
12 10 0 38
11 1 3 45
12 6 2 57
11 4 2 67
11 5 0 68
3 4 0 29
3 2 3 4
12 7 0 51
8 7 0 67
6 2 3 63
0 0 0 40
1 2 1 43
0 3 0 45
5 1 0 -11
0 7 3 29
12 7 3 43
9 7 1 46
3 1 2 15
0 2 0 41
1 1 3 43
2 4 0 41
4 3 3 -12
7 7 1 56
12 6 0 36
10 3 0 33
8 6 2 37
0 3 2 41
12 5 3 61
3 4 0 20
3 5 3 -2
8 5 0 28
10 4 3 32
10 6 3 33
12 5 0 40
0 2 3 34
0 8 0 37
2 12 0 3
2 8 1 -9
7 7 0 38
0 2 1 12
1 2 0 6
12 7 0 38
11 5 3 55
1 10 0 38
3 11 0 19
3 6 1 -9
1 4 0 -20
9 9 0 26
11 9 0 29
12 9 0 30
11 7 1 52
7 6 3 45
3 12 0 18
5 11 0 0
1 3 1 -26
12 12 0 18
12 3 2 -11
0 1 0 -18
11 6 2 48
0 10 2 32
3 12 0 4
8 4 1 -91
1 7 1 -37
10 7 0 3
12 12 3 19
0 12 3 0
5 7 2 -38
2 0 2 21
9 4 2 45
4 10 0 99
6 5 0 45
8 2 2 16
9 6 2 -34
4 12 3 43
3 2 3 12
1 1 0 35
8 3 2 55
12 6 1 31
3 5 2 4
4 3 2 -8
2 8 2 -6
1 12 2 46
9 11 2 58
2 11 2 50
3 1 2 45
6 4 0 0
4 11 3 35
7 10 0 72
2 8 2 46
3 8 3 48
7 9 0 64
9 7 2 60
3 12 3 116
5 5 0 34
12 11 0 25
0 11 0 57
7 4 0 101
7 12 1 132
7 11 0 55
1 8 0 49
3 8 0 56
5 7 0 40
11 10 0 8
9 8 0 36
11 8 0 42
3 9 1 55
9 8 0 32
2 11 0 41
2 10 0 37
5 9 0 31
11 10 2 10
11 10 0 20
11 10 0 35
2 9 0 39
11 9 0 12
1 10 0 33
12 11 3 38
5 12 0 28
7 11 0 30
2 10 2 14
8 11 0 42
2 10 0 31
9 10 3 13
1 12 0 28
8 12 1 48
5 12 0 10
12 9 0 -4
1 9 0 6
8 10 2 37
8 11 2 45
0 5 2 29
5 0 0 154
3 3 0 12
5 0 0 31
6 0 1 29
8 0 0 16
11 12 1 8
10 3 0 16
11 12 2 122
11 12 3 125
3 2 2 0
11 12 0 -29
7 1 0 3
9 12 2 6
12 1 0 13
9 12 0 15
6 8 2 144
6 9 1 155
3 3 0 8
11 4 0 -38
8 3 0 11
9 12 2 12
8 12 2 20
12 4 0 12
10 10 1 124
10 11 1 129
3 3 2 13
6 4 0 6
10 1 0 6
11 2 0 16
12 1 0 18
2 9 3 67
0 9 1 45
0 8 0 43
3 3 2 5
7 10 2 -5
8 9 0 9
12 1 0 18
11 4 0 21
12 9 0 85
0 12 3 38
12 1 2 110
3 12 0 4
7 8 0 -3
7 11 0 12
12 1 2 17
11 7 2 13
1 2 2 -10
12 1 2 100
9 11 2 106
11 7 3 -38
6 12 0 6
7 11 2 13
12 1 3 14
10 7 2 17
11 11 1 17
10 3 0 100
11 2 0 110
10 9 1 -35
6 3 2 7
12 1 0 8
11 1 2 14
12 1 2 15
9 5 3 13
3 3 1 1
2 3 0 -38
9 11 3 -115
12 12 2 -112
7 0 0 23
11 6 2 27
12 6 0 35
12 12 0 30
2 0 0 47
3 0 0 35
2 1 0 -2
4 1 0 0
7 2 0 37
11 6 0 28
12 6 2 35
12 5 3 38
0 4 0 34
1 3 0 30
3 3 0 20
12 11 0 -68
1 12 2 2
9 1 2 34
12 6 0 36
7 12 1 31
2 11 1 35
4 3 0 95
7 6 3 24
5 3 0 14
12 7 0 10
9 0 0 31
11 2 0 42
7 12 2 33
1 12 2 80
2 7 0 70
2 4 2 12
6 2 2 0
0 0 3 73
9 6 0 31
12 5 2 39
5 12 1 35
1 11 3 41
10 9 1 36
5 9 1 38
5 9 0 38
4 10 0 32
7 9 0 44
11 9 0 39
11 8 0 43
3 6 1 73
7 11 0 46
7 11 1 46
6 11 1 41
7 11 0 41
7 11 0 44
12 3 1 53
7 11 0 44
8 1 0 43
3 11 3 47
7 12 3 51
12 6 3 52
7 12 2 44
9 7 2 76
8 12 1 49
1 11 0 59
7 8 2 147
6 4 1 135
2 4 0 0
4 6 1 -2
8 0 0 -2
11 3 0 27
11 3 0 32
9 7 0 70
4 3 2 152
0 2 0 36
3 4 0 0
5 6 2 -2
7 1 0 4
9 0 0 23
10 0 0 29
5 0 0 71
4 7 3 152
1 2 0 24
4 5 0 -2
5 3 0 3
7 4 0 4
9 0 0 8
9 0 0 31
7 6 2 71
4 6 1 154
1 6 0 14
4 6 0 2
5 6 2 4
6 6 0 8
9 3 0 3
10 4 0 30
5 8 0 76
0 2 0 52
3 3 0 1
4 6 0 3
5 6 0 4
4 3 2 10
9 7 0 4
10 4 0 18
7 4 3 58
0 8 0 46
3 9 0 -1
6 9 0 1
6 8 1 -1
4 4 2 3
5 5 2 4
11 9 0 9
11 9 1 34
7 8 2 162
7 7 2 162
7 8 3 167
6 12 0 29
6 11 0 19
7 10 0 9
8 9 0 -1
7 8 1 2
0 12 0 59
4 12 2 58
4 12 3 57
3 12 3 58
3 12 0 58
2 12 0 53
1 1 2 51
5 9 0 25
9 1 3 21
7 2 0 33
10 1 0 36
5 0 2 19
8 1 2 18
8 10 3 99
12 5 2 23
12 4 0 37
11 2 0 11
1 1 0 15
7 10 0 107
5 2 0 17
9 1 0 11
12 2 2 22
11 1 0 35
12 1 0 38
12 3 2 13
1 4 1 17
12 4 1 16
1 4 2 -4
7 3 0 23
10 3 0 22
12 2 0 29
12 2 1 34
9 1 0 27
1 4 0 26
12 4 1 14
5 2 0 -4
12 4 0 -33
7 1 2 11
12 5 0 23
12 2 2 32
8 7 0 51
1 7 0 25
11 4 1 3
8 5 1 -10
7 10 0 35
7 7 0 33
9 3 0 34
1 6 1 47
10 0 2 -34
6 10 0 59
3 9 0 16
9 10 1 2
7 10 0 14
10 10 0 13
5 11 2 1
10 7 0 78
8 5 0 -28
2 10 0 8
9 11 0 4
12 2 3 -90
12 2 0 -90
6 10 1 -3
12 2 2 -93
5 10 3 -2
10 2 0 -46
11 1 0 -36
12 2 0 -34
12 1 1 -33
1 6 3 -23
1 7 3 -25
10 7 2 5
12 12 1 67
12 2 1 113
11 1 2 119
7 4 1 5
3 11 3 -30
4 1 0 16
0 12 2 10
11 2 2 13
12 4 3 9
10 3 0 115
0 2 0 41
12 0 1 -24
4 8 0 -51
12 2 0 -22
9 2 0 4
12 4 1 10
12 2 0 8
10 3 0 111
1 2 0 33
11 3 1 -30
11 3 2 -29
12 3 3 -21
12 2 1 13
12 2 0 16
12 3 0 7
0 1 0 32
1 5 0 1
4 5 1 16
5 5 0 2
6 4 0 0
9 2 2 8
12 4 3 11
12 0 3 15
0 6 0 9
7 2 2 40
9 4 2 98
6 7 0 57
5 11 3 28
5 6 0 2
10 6 0 9
12 2 3 19
5 9 1 21
12 2 2 41
8 4 0 90
4 9 0 86
0 12 2 168
1 12 2 172
2 2 2 97
4 1 3 50
5 5 1 2
0 12 0 15
6 4 3 57
8 12 0 18
7 11 0 9
8 11 0 19
10 11 0 18
5 4 1 58
12 6 0 24
12 3 0 24
11 0 3 24
12 7 0 21
12 0 3 27
12 0 3 31
2 10 2 23
0 3 3 66
