256 64 256 4
24 26 0 -3
19 6 2 3
25 26 2 -5
1 25 3 34
12 0 1 31
1 20 0 53
23 25 0 11
7 19 0 44
14 28 0 25
18 19 1 13
16 1 1 30
18 0 1 43
15 24 1 21
2 2 2 62
4 12 1 57
1 23 2 70
13 1 3 -19
24 27 2 29
16 1 0 36
19 8 2 65
20 2 1 32
22 27 0 28
9 19 0 48
19 28 0 41
19 19 1 29
10 27 0 56
2 9 3 46
26 4 2 56
22 3 3 39
26 8 0 53
8 14 1 48
12 5 0 28
28 28 1 2
18 21 2 -22
25 1 2 26
22 28 2 44
1 21 0 56
5 18 3 46
24 18 3 62
27 23 1 57
14 24 2 30
0 23 3 68
6 9 0 41
4 0 3 63
9 21 3 11
1 11 3 40
19 20 0 20
8 21 2 26
5 22 0 -6
11 7 0 13
2 9 0 35
17 23 2 28
10 19 0 23
10 16 3 47
0 4 2 72
23 14 2 53
22 7 0 80
17 24 2 29
24 9 3 84
25 26 2 19
22 14 3 39
11 22 2 -5
25 27 1 13
18 13 2 21
15 9 3 -5
15 8 1 6
21 3 2 44
20 3 1 50
19 9 0 51
0 0 3 93
24 14 2 86
10 26 3 35
19 5 0 74
7 20 3 22
9 11 2 7
2 0 1 12
23 26 3 7
14 25 1 -4
27 4 1 2
27 14 2 27
16 1 2 21
16 20 1 -6
1 19 0 41
1 10 1 40
24 27 3 49
26 0 2 64
15 3 3 38
24 25 3 65
5 26 3 34
15 24 2 23
0 23 3 29
6 10 2 -2
8 16 0 -5
26 25 2 -5
8 21 2 -32
22 21 3 -20
24 14 1 37
23 12 1 62
15 10 1 19
7 20 3 43
7 19 0 59
10 12 2 20
15 6 2 41
3 2 2 64
10 17 1 42
18 6 0 42
14 11 2 18
16 28 2 -13
4 16 3 -16
12 21 0 -29
1 6 1 1
25 5 3 8
3 12 1 29
2 26 3 57
21 13 3 59
19 5 1 40
17 11 3 58
10 17 3 57
11 13 0 58
10 13 2 58
19 26 1 50
13 4 2 55
9 17 1 13
24 14 0 22
16 24 1 -10
3 5 3 3
23 4 2 -9
27 7 3 33
1 26 3 27
19 27 1 19
22 6 0 49
7 8 3 39
2 13 0 31
10 12 2 47
11 18 0 49
10 27 3 56
10 13 3 51
13 24 3 44
9 13 0 39
5 12 2 37
14 3 1 28
25 25 2 21
25 14 0 37
9 17 0 16
14 28 0 22
25 15 0 40
3 9 3 39
1 25 0 58
11 7 0 39
20 13 1 75
22 1 0 63
8 11 2 39
16 24 3 48
3 1 2 65
1 15 2 53
6 21 0 37
8 27 2 36
14 10 0 27
6 14 3 25
15 11 3 16
25 26 2 19
0 23 0 50
9 19 3 25
15 24 2 16
16 24 0 47
14 26 0 32
9 17 2 70
3 1 1 74
10 13 2 37
19 8 3 86
10 12 1 53
14 7 3 31
27 6 0 75
6 8 1 42
9 24 2 18
2 3 0 48
20 5 3 20
11 0 2 25
23 20 1 53
16 18 3 31
18 26 1 38
0 23 3 83
10 16 0 45
5 4 0 68
8 16 0 48
3 12 0 72
24 25 2 65
17 28 2 28
19 15 2 39
7 20 2 37
22 27 3 26
4 12 0 35
3 0 2 12
2 15 3 36
9 15 1 32
27 25 3 40
26 4 0 73
10 8 1 46
7 26 3 40
3 3 0 73
1 24 1 62
24 1 3 41
20 25 2 47
21 27 3 46
7 15 3 51
17 0 0 49
25 4 1 40
15 2 1 27
15 8 2 1
1 24 0 49
22 2 2 41
24 24 1 43
25 14 2 80
2 0 3 54
14 24 2 52
22 13 2 70
9 17 2 56
16 6 2 68
8 17 0 52
6 24 0 59
10 11 2 33
10 12 2 15
25 3 1 39
14 7 2 25
18 14 1 17
3 1 1 45
19 27 1 17
1 23 0 52
18 22 1 61
16 24 0 41
9 16 2 48
21 21 0 44
17 25 0 53
9 11 2 46
26 25 2 54
9 14 1 41
26 0 0 54
25 15 0 48
16 23 1 10
9 26 2 17
19 18 3 4
0 23 2 50
3 26 0 25
26 25 0 44
14 5 0 40
10 5 1 25
9 11 0 49
20 6 1 70
2 11 3 39
9 16 2 67
1 21 1 65
25 4 2 38
16 4 3 51
9 24 0 30
19 8 2 45
19 18 3 -9
19 16 3 76
28 19 2 66
28 22 3 43
14 4 3 54
25 23 0 55
28 0 3 53
8 25 0 64
16 26 1 25
7 6 0 66
20 7 1 49
17 5 1 40
6 17 0 64
4 10 3 61
22 3 2 48
11 28 1 -2
21 19 1 55
21 15 0 71
11 4 2 63
7 13 1 45
22 0 0 45
7 28 3 38
16 21 0 2
18 21 1 36
0 1 2 23
8 26 3 24
28 6 2 6
22 12 0 63
11 11 2 47
6 28 2 20
13 1 0 8
2 4 3 8
22 4 2 6
14 26 3 26
2 23 2 49
28 2 1 51
5 24 3 60
7 5 2 28
10 27 1 -5
15 22 0 10
15 4 2 18
23 4 1 26
11 27 1 12
16 23 2 24
20 8 2 42
0 25 3 8
22 22 0 52
24 17 0 50
11 26 1 9
20 9 1 58
18 17 2 65
24 10 1 73
21 9 0 65
5 23 0 29
28 20 3 48
27 7 0 37
27 18 2 29
7 24 0 33
28 23 2 38
25 0 0 59
14 4 2 73
27 6 3 77
16 21 3 57
7 25 3 43
23 27 2 55
16 7 0 32
25 2 2 18
3 28 2 24
26 14 3 29
11 10 3 25
8 10 2 22
0 19 0 -7
9 9 2 29
15 8 3 30
26 15 0 31
23 15 3 44
24 0 1 50
26 4 2 43
15 18 2 68
14 16 0 73
21 24 1 28
25 16 1 41
17 8 3 20
26 14 2 31
8 9 3 19
4 9 1 24
13 8 0 15
15 27 2 -57
17 9 1 26
15 28 3 -61
14 8 1 22
27 12 3 20
27 11 1 25
21 12 3 36
7 26 3 26
28 13 3 34
17 8 1 31
3 3 1 -9
26 1 0 6
9 8 0 2
10 26 0 -1
11 26 1 11
10 27 1 -2
9 16 3 9
11 26 1 -5
14 16 2 27
8 11 1 24
8 25 1 1
15 27 2 -66
28 14 1 12
0 10 3 21
0 9 1 36
6 12 3 21
12 9 3 48
6 26 0 34
20 25 0 -4
27 20 2 71
26 12 2 88
5 28 1 11
24 19 0 41
25 16 0 90
5 13 3 45
17 16 2 18
13 14 2 34
21 13 0 27
21 11 0 2
28 14 0 17
14 7 0 24
11 3 1 8
24 13 3 107
15 13 0 51
26 12 1 0
14 14 1 21
12 28 0 15
25 15 1 108
15 8 2 98
12 8 2 82
15 15 0 26
24 17 1 -5
20 26 3 15
23 25 3 28
25 14 1 26
24 12 0 12
2 27 3 9
28 12 1 29
13 28 0 22
1 21 2 41
21 3 0 4
3 16 0 0
7 19 3 20
11 17 1 35
11 17 0 36
13 17 0 15
26 13 0 -5
6 10 0 15
23 26 1 18
19 14 0 47
23 16 0 35
27 11 2 0
2 9 3 19
16 25 3 -3
20 7 0 51
0 18 3 46
0 23 3 29
7 25 1 41
8 11 1 8
11 25 0 -13
15 18 0 19
9 17 2 10
11 17 3 23
6 16 2 76
12 16 2 68
19 14 1 47
9 26 3 -5
24 22 0 25
27 19 0 21
24 5 1 -1
2 10 3 78
1 1 3 32
2 10 1 76
15 2 2 44
17 20 1 30
10 22 0 28
19 19 0 37
22 1 2 52
23 1 2 60
25 2 2 69
16 22 2 36
4 28 0 22
12 5 1 0
23 26 0 21
10 3 0 5
25 21 2 54
1 24 3 55
19 6 3 48
16 17 1 50
5 18 3 37
13 26 2 22
13 23 1 49
25 4 3 40
24 4 3 36
18 21 0 17
23 0 0 26
14 22 1 19
15 25 3 3
16 14 3 39
16 27 0 -3
24 12 0 54
25 20 0 82
4 0 0 25
10 0 0 29
10 23 0 20
1 5 1 2
5 24 2 14
25 8 2 18
18 18 1 27
18 18 0 34
8 27 0 52
12 16 2 73
13 17 2 55
11 28 0 -49
26 26 3 61
18 28 0 3
23 22 3 13
23 27 0 53
8 11 2 46
10 23 3 21
27 11 3 25
2 10 1 29
20 12 3 43
12 28 0 38
14 28 0 44
14 28 1 48
14 28 0 48
17 28 0 46
2 26 0 103
24 19 2 21
8 5 3 68
25 27 2 44
10 7 2 19
19 28 3 26
12 3 0 29
6 22 1 31
17 4 0 2
17 17 0 78
13 27 1 33
7 17 3 81
2 17 3 83
16 9 3 140
14 28 1 58
14 28 0 60
23 27 1 83
26 28 0 16
28 25 0 62
23 28 3 44
25 13 2 52
25 27 1 60
2 18 0 28
2 28 0 41
9 19 2 49
8 22 2 80
5 27 3 66
8 3 0 29
10 22 0 36
23 5 0 52
18 5 0 42
8 14 1 56
0 4 3 20
21 6 1 60
10 16 3 62
2 26 1 37
13 5 2 82
25 16 1 49
13 6 1 27
4 11 0 44
7 20 3 34
28 19 3 30
14 9 1 59
5 25 3 54
28 19 2 34
16 22 0 11
26 19 2 22
22 27 0 28
13 3 2 42
11 25 0 -8
1 10 3 79
24 0 1 57
1 22 3 75
7 14 1 84
3 8 3 40
5 5 3 24
3 7 2 69
27 3 3 71
20 13 1 75
6 19 3 88
10 18 2 44
21 26 1 27
15 18 1 85
14 11 0 53
11 2 0 73
27 21 3 80
27 25 3 68
9 21 1 68
5 20 3 66
8 9 2 78
2 15 2 84
17 25 1 49
11 21 0 72
10 24 3 42
5 6 0 22
27 14 3 0
11 8 2 21
4 7 1 49
17 20 2 21
16 8 3 44
8 5 0 18
22 7 1 38
11 13 0 53
16 8 3 41
2 9 0 36
28 15 1 -7
26 10 0 57
7 9 2 63
15 5 1 26
5 7 0 28
23 7 1 30
11 28 3 -50
20 6 1 33
14 2 3 13
27 6 0 22
27 5 1 11
13 25 2 -46
0 28 2 -3
15 7 0 27
28 8 2 26
24 25 1 11
23 2 1 -17
16 5 1 4
12 28 0 -58
11 26 0 -52
22 2 3 -34
16 27 3 -51
18 8 1 22
10 9 0 16
13 9 0 23
13 18 0 39
16 16 2 53
17 16 3 43
15 16 3 34
13 16 3 33
24 6 0 5
2 12 2 31
25 7 2 27
9 21 1 25
15 25 0 -32
12 28 0 -65
15 15 2 18
26 23 0 43
5 5 0 15
25 27 1 -8
20 2 0 42
0 21 0 68
7 24 0 47
26 15 2 25
0 27 3 55
2 27 0 40
12 14 2 16
17 28 1 -1
5 7 2 31
17 27 1 -38
0 19 3 0
4 13 0 26
26 26 0 35
25 17 3 29
10 13 0 26
7 7 0 -12
22 13 1 44
0 14 1 101
15 15 3 52
5 3 0 26
28 20 2 62
8 28 3 4
3 26 1 -8
0 5 2 55
3 13 1 87
28 19 2 1
13 2 1 -5
0 12 3 36
27 15 0 21
12 10 3 30
15 16 2 27
12 25 0 -80
13 15 0 22
20 15 1 47
2 10 1 100
14 12 1 41
21 14 0 34
11 14 1 28
4 27 1 36
28 15 3 55
25 25 1 74
6 7 3 21
13 4 3 22
8 13 1 51
12 10 3 54
11 13 0 50
12 14 1 58
26 27 3 -10
25 7 1 1
24 22 1 -32
20 5 1 -30
2 1 0 -3
21 22 3 -2
12 4 3 44
14 13 2 47
1 24 2 66
7 0 0 23
4 15 0 23
15 0 0 36
7 15 2 37
15 2 1 -10
0 5 0 15
2 1 0 65
13 4 1 47
17 22 0 26
18 21 3 12
19 9 2 36
16 17 2 54
15 15 2 56
25 24 0 70
8 12 0 76
26 4 0 25
27 0 2 -5
24 6 3 48
8 8 1 69
10 3 2 49
4 15 2 40
11 14 3 52
14 23 2 7
14 10 2 46
18 21 2 44
8 10 1 72
28 18 3 61
5 14 3 83
21 21 0 61
5 6 0 41
4 11 0 43
2 9 1 65
8 0 1 28
13 28 2 -9
26 18 2 25
23 13 1 52
3 17 3 52
22 5 1 10
9 23 0 26
21 9 0 67
21 4 3 65
20 4 2 54
7 5 2 46
20 8 0 39
4 9 1 17
15 25 3 -30
25 1 3 15
1 15 0 70
7 7 2 63
15 3 3 39
0 21 2 59
6 26 1 39
26 14 3 0
7 26 0 18
26 6 3 119
11 25 0 56
16 7 2 134
0 25 1 94
14 11 3 77
11 24 3 42
7 3 2 22
18 21 3 15
4 11 0 48
3 13 3 69
11 6 0 46
7 14 3 55
14 7 1 72
8 27 1 14
4 10 0 21
7 27 0 33
12 27 3 62
10 26 3 62
12 27 0 48
17 27 0 51
26 3 2 65
14 24 1 38
16 15 3 53
3 3 1 4
13 7 2 36
2 10 1 56
23 27 3 29
21 12 2 34
1 28 0 31
12 27 1 12
28 18 2 17
8 26 0 54
10 28 0 61
14 27 3 51
14 1 1 112
25 7 3 131
25 7 3 126
11 27 0 32
28 11 2 71
3 13 1 65
12 22 1 12
0 12 1 35
11 28 1 -23
14 4 1 42
6 10 2 63
18 10 0 26
28 17 3 48
10 24 1 35
0 4 2 72
25 26 0 62
12 9 3 61
22 12 3 42
12 24 2 36
9 8 2 63
12 7 2 53
9 10 3 36
18 13 0 48
4 11 1 46
27 8 3 22
18 11 3 28
17 7 2 12
18 24 2 19
23 9 2 26
27 0 1 54
18 9 3 18
9 23 2 42
23 28 2 40
23 16 3 55
18 1 1 59
22 10 2 50
6 18 1 63
15 5 1 25
12 5 2 62
28 5 0 46
8 8 1 34
4 10 2 71
27 15 0 26
27 5 1 27
23 14 3 16
13 4 1 25
18 12 0 32
26 27 0 53
1 28 2 78
12 21 0 42
24 3 1 37
24 4 3 42
23 6 0 53
26 26 3 46
18 13 3 25
25 21 1 26
16 7 0 19
10 24 2 -20
25 1 1 2
6 6 0 26
8 10 2 10
6 6 1 47
10 13 3 10
20 11 3 9
6 3 0 38
8 8 2 71
21 14 1 68
2 25 1 77
23 14 0 60
4 23 2 79
5 19 3 66
18 19 3 4
17 10 0 -6
1 22 3 -8
11 13 3 -18
4 10 3 27
19 15 2 -15
10 8 2 6
9 24 1 -5
19 12 1 33
2 6 3 82
0 12 3 91
8 8 3 75
17 13 0 49
6 6 3 91
16 3 3 21
7 19 0 35
25 28 2 21
20 19 1 15
13 28 0 -42
5 15 3 -11
3 8 3 24
0 11 0 24
18 13 1 12
18 13 1 27
0 5 1 84
25 12 3 29
14 5 0 63
27 15 0 68
9 9 2 70
2 11 3 107
27 16 0 46
11 8 1 49
14 10 3 36
8 13 3 20
11 24 1 -18
3 14 0 4
5 6 2 39
24 4 1 2
15 1 3 15
25 15 2 53
6 9 3 77
21 8 1 30
25 15 1 48
0 5 3 90
23 14 0 65
22 6 1 45
23 14 0 61
23 6 2 26
27 11 1 51
24 6 3 16
4 13 1 19
4 22 1 19
4 0 2 21
17 13 2 24
27 27 3 29
5 23 0 50
10 25 1 38
25 17 2 58
10 7 3 64
24 7 0 41
15 4 3 23
23 14 1 42
17 28 0 49
10 8 1 36
16 6 3 10
10 23 3 6
2 28 1 27
12 24 3 2
25 27 1 33
24 10 2 33
27 5 1 40
10 24 3 47
13 4 2 43
0 4 2 68
1 27 0 71
19 9 1 49
10 10 2 64
7 23 0 49
10 7 3 34
22 8 3 24
0 5 3 68
10 23 1 21
23 13 2 -4
8 15 2 27
19 13 3 27
11 20 0 20
23 8 2 52
4 10 3 90
12 21 2 52
23 7 0 57
26 27 0 63
27 1 3 76
24 4 0 67
23 3 2 42
26 27 0 61
18 13 3 27
18 13 0 29
23 7 1 6
13 3 2 6
17 3 2 15
19 12 3 18
19 10 1 8
27 16 1 63
11 25 1 46
5 5 1 78
7 24 3 69
18 4 2 59
28 17 0 67
9 11 2 68
20 4 1 47
14 16 1 40
21 12 1 34
15 4 0 29
25 3 0 33
6 4 1 46
25 6 3 18
11 10 2 30
25 9 3 42
22 3 3 37
19 16 0 47
0 4 1 82
19 4 2 48
13 13 2 66
19 26 0 52
27 24 1 61
18 1 0 58
10 8 3 58
13 4 1 49
23 15 3 47
6 20 1 19
10 23 2 12
19 13 1 26
23 15 1 26
10 24 0 20
20 7 2 41
11 11 0 46
25 26 3 45
11 19 0 48
14 22 1 55
19 10 2 54
22 7 3 42
26 24 3 76
27 5 2 72
18 1 3 43
3 7 3 88
10 7 3 34
27 26 2 21
3 4 1 56
10 12 0 22
10 20 1 30
26 24 0 54
3 18 1 77
6 15 0 88
18 4 0 54
9 0 1 70
21 10 2 61
26 24 0 75
12 20 1 51
12 25 3 39
7 0 1 34
21 10 0 29
6 9 3 54
8 14 1 15
10 9 0 26
28 7 3 53
21 27 0 34
6 10 2 78
23 28 3 49
27 28 3 58
16 28 2 47
7 9 3 95
19 10 0 54
24 6 0 64
10 24 2 40
1 4 0 72
24 14 3 41
17 4 2 28
13 15 2 23
27 6 1 19
24 6 1 11
1 22 0 36
11 8 3 31
18 7 3 28
7 20 3 54
4 25 2 47
4 24 0 76
12 16 0 53
0 4 2 94
10 25 1 63
20 18 0 44
28 1 1 69
13 6 1 60
9 8 1 41
19 11 3 23
15 8 2 23
15 16 1 14
21 23 0 65
2 1 2 54
20 15 0 34
23 2 2 55
25 3 2 49
9 12 1 48
4 21 3 81
6 21 1 81
6 7 1 44
6 20 3 76
4 14 0 64
23 23 1 47
26 16 0 39
20 0 2 -8
21 23 2 41
13 4 3 8
0 19 3 37
4 0 0 34
10 6 2 47
2 18 1 70
19 14 3 57
22 23 2 54
2 16 0 66
14 21 3 66
13 0 2 33
19 24 0 70
6 7 1 35
14 21 3 17
6 7 2 32
1 16 3 49
23 23 1 52
1 17 0 46
17 15 0 21
4 8 2 46
4 26 1 47
28 0 1 60
16 9 3 18
20 16 3 33
1 19 2 85
24 18 2 68
5 26 0 68
27 1 0 46
3 2 2 48
3 15 0 64
2 1 1 57
4 22 0 35
17 10 3 6
28 0 0 47
2 2 3 37
7 16 0 60
12 19 3 56
5 13 0 69
4 28 0 61
14 21 0 55
2 17 2 76
7 17 3 77
10 9 2 42
1 17 0 64
2 24 2 81
14 27 2 74
10 18 2 50
7 25 1 69
13 19 3 17
20 23 0 29
6 23 3 47
1 7 2 35
21 22 3 58
9 10 2 20
26 15 1 50
23 22 2 51
5 25 3 56
21 25 3 87
8 7 2 60
15 3 0 32
2 1 2 62
28 13 0 66
28 12 0 71
25 12 3 32
20 8 1 2
19 1 1 10
9 4 2 16
16 15 3 19
7 16 2 39
3 7 3 49
15 5 3 19
2 25 3 41
10 27 2 75
19 21 2 54
24 19 0 85
16 7 2 45
18 9 3 35
12 2 3 34
25 17 0 30
0 18 0 17
1 24 0 28
3 1 1 32
23 23 1 57
19 19 1 9
26 27 3 89
0 19 2 75
27 0 3 65
28 9 1 58
13 7 1 47
10 4 2 62
5 2 2 62
11 10 0 53
2 16 0 60
19 14 2 9
8 25 0 46
0 26 2 7
6 9 0 29
3 15 2 44
18 1 0 -2
26 17 1 32
7 17 3 60
5 14 2 51
11 9 0 33
24 2 2 60
16 2 2 51
0 15 2 62
6 15 0 68
13 21 2 58
13 22 2 43
16 22 2 58
22 26 2 70
17 21 0 -1
25 7 1 9
0 19 0 33
5 28 1 43
4 12 0 24
18 15 2 -2
22 22 0 53
10 10 0 25
12 7 2 39
7 28 3 62
10 3 1 60
1 19 0 86
19 20 3 44
12 4 1 41
15 1 1 40
23 22 2 20
28 19 2 15
15 6 1 8
23 24 0 33
10 21 0 49
2 18 3 14
23 22 3 20
25 22 3 51
0 19 0 49
12 8 1 53
0 5 0 42
1 16 0 76
20 15 2 47
10 22 2 78
15 7 1 45
25 17 0 38
26 12 2 -4
26 16 3 23
18 2 0 13
0 19 0 37
17 15 2 7
7 27 3 37
14 25 1 51
18 14 0 13
8 4 2 15
12 18 0 37
8 28 1 56
6 19 0 60
1 16 1 75
17 15 1 30
23 18 0 33
14 26 1 35
2 19 1 17
26 16 3 44
9 28 0 67
2 9 2 52
24 21 0 48
20 16 0 1
15 6 1 -15
7 7 0 19
12 2 3 9
18 21 3 25
15 21 1 46
28 12 0 46
23 2 3 17
3 24 1 64
28 14 2 35
28 7 1 15
2 25 0 19
26 16 1 41
3 7 0 27
2 18 2 51
27 13 0 47
1 18 1 5
6 6 1 15
7 28 0 -5
27 27 3 59
20 16 0 4
10 17 2 2
23 23 3 43
23 20 0 26
6 0 2 1
6 15 1 31
13 22 2 21
28 0 2 0
27 27 3 64
25 10 2 40
11 10 1 26
15 10 0 3
2 17 1 19
19 14 3 -8
25 16 0 10
27 22 1 32
20 24 1 48
24 0 0 17
17 23 2 33
3 10 1 35
27 13 2 17
0 13 3 1
3 22 3 3
7 16 1 -3
28 19 2 19
20 16 3 14
4 0 2 49
24 10 2 36
11 10 0 18
5 27 1 26
25 24 2 47
3 28 2 0
2 10 1 10
26 23 2 27
20 9 1 -22
20 22 2 15
1 23 3 5
14 11 1 -13
19 14 2 -16
17 1 0 -48
28 19 2 -13
2 26 0 60
16 15 2 43
11 22 3 79
24 4 0 36
19 20 3 41
1 17 3 36
2 12 2 25
1 14 0 13
22 1 2 -4
8 6 1 -13
13 22 0 28
13 19 0 -19
15 1 1 -26
9 11 3 -20
28 6 2 -27
28 26 0 -15
28 6 1 -8
0 0 0 19
3 0 0 13
1 22 0 21
11 2 1 41
11 1 0 47
4 1 0 51
7 21 0 51
13 12 0 61
16 14 0 58
19 5 2 47
19 23 2 -7
23 0 0 51
18 24 0 11
27 13 0 8
22 2 2 47
2 20 1 -17
1 1 0 30
9 0 1 41
2 1 1 56
2 23 0 46
11 5 0 49
22 27 2 94
10 11 0 48
22 15 1 98
9 16 1 64
2 4 1 64
12 21 2 -19
16 26 2 17
26 18 3 29
23 13 3 18
22 2 2 43
13 0 1 -37
19 4 1 6
10 18 1 43
9 0 0 51
1 25 0 45
17 0 1 42
9 19 2 50
11 4 3 54
26 13 2 98
8 18 1 70
19 2 2 54
26 0 3 42
28 2 3 62
6 12 3 -6
25 17 0 29
28 15 2 39
2 1 1 14
20 2 1 22
11 22 3 36
13 10 1 49
2 24 3 53
2 22 0 51
13 8 3 52
13 5 0 55
11 13 3 54
10 20 3 64
19 2 0 47
28 1 0 46
27 5 3 50
26 5 1 40
28 14 0 26
11 26 2 5
20 23 3 14
2 12 0 22
12 2 1 40
21 27 1 91
8 10 0 55
2 9 0 53
11 1 0 58
15 11 0 52
10 2 2 57
8 9 3 67
19 4 0 47
24 2 3 45
24 8 2 48
10 12 2 -5
22 14 3 41
17 0 2 8
19 3 1 4
18 5 2 25
4 10 0 47
11 4 0 49
13 4 0 54
27 4 1 84
22 19 1 92
11 4 1 54
8 12 3 53
25 13 2 100
19 4 0 44
27 12 0 49
26 15 3 47
12 2 3 -3
26 18 0 43
15 7 3 10
1 4 2 41
3 2 1 60
1 22 0 43
11 25 3 41
25 13 2 97
22 20 0 88
22 19 3 89
13 10 0 54
5 10 0 58
11 17 0 52
19 6 0 47
11 4 0 9
28 22 3 24
22 28 0 36
22 21 3 44
13 16 0 14
20 0 1 49
8 16 0 52
21 2 2 65
15 7 0 44
16 10 0 50
17 1 0 46
16 10 0 51
13 13 3 58
15 13 0 52
17 16 0 55
19 6 2 46
9 16 0 7
12 14 3 -4
11 17 2 -11
16 18 1 2
17 1 1 7
19 10 1 39
13 4 3 50
1 23 3 45
10 4 0 47
17 15 3 49
11 25 3 50
14 12 3 51
14 16 1 56
21 28 2 101
10 18 2 52
19 8 0 46
15 15 0 10
25 27 3 38
25 28 0 37
25 21 0 51
9 12 0 26
6 21 0 38
10 14 0 46
2 23 3 51
1 21 0 47
16 0 0 44
8 15 0 58
14 2 3 55
21 12 0 100
23 15 2 102
10 18 2 51
19 9 0 41
25 23 1 51
6 10 1 -2
23 14 3 35
22 22 3 52
27 14 3 69
21 2 1 58
25 21 0 92
17 18 2 55
0 22 0 44
4 7 0 58
14 8 3 59
11 25 0 50
23 8 3 98
22 19 0 103
10 2 1 54
28 1 1 70
5 11 1 13
6 10 1 -3
7 16 0 -4
17 21 1 15
28 19 1 51
19 8 2 35
24 6 1 81
5 6 0 60
7 1 3 36
8 1 0 58
12 2 0 66
9 19 3 58
26 23 0 95
15 20 0 62
16 14 0 49
1 7 1 60
11 21 0 7
8 16 1 -6
16 9 0 -6
20 21 1 44
3 21 0 46
0 12 1 45
0 12 2 43
10 5 0 56
28 2 1 82
5 22 3 45
9 20 0 58
5 10 1 68
13 24 0 50
16 0 3 64
26 9 1 97
20 5 2 47
27 17 3 41
14 10 2 -7
25 7 1 37
28 26 0 35
2 17 3 49
22 11 0 76
0 24 3 30
28 14 2 75
10 26 3 49
10 16 0 35
2 22 0 66
9 11 0 64
11 11 3 52
8 12 3 69
25 20 3 98
20 10 2 34
16 22 2 -6
23 23 1 37
25 6 3 37
28 23 2 36
8 9 1 41
21 15 1 80
1 23 3 33
7 18 0 39
17 1 3 48
25 14 1 90
26 24 2 84
13 5 0 67
17 19 0 54
3 5 0 76
23 16 2 98
20 10 2 34
21 28 0 39
23 26 0 39
10 20 1 -10
4 21 1 34
18 21 0 52
2 17 3 40
3 5 3 54
0 12 2 46
22 17 3 88
5 24 0 63
13 24 0 39
11 13 3 59
4 25 3 61
24 2 1 91
26 13 1 101
20 3 2 38
17 14 1 -9
16 13 2 -9
9 20 2 -11
19 18 3 40
5 5 0 43
0 21 2 37
15 17 1 -4
25 5 1 26
5 27 1 12
7 14 0 49
20 1 1 67
4 19 2 96
10 1 3 54
14 7 1 54
23 5 3 50
23 2 3 38
21 6 0 42
20 0 0 49
28 10 0 48
14 2 2 -17
20 9 0 -6
3 9 3 40
15 7 3 1
23 14 1 24
27 8 0 13
7 14 2 49
17 7 3 61
19 16 0 59
15 23 0 57
22 2 0 61
17 2 0 42
9 15 3 35
15 10 3 43
17 25 0 31
27 3 2 45
11 11 2 -25
21 4 1 13
3 11 3 39
23 11 1 1
25 23 1 11
28 17 2 21
28 18 1 60
2 22 3 101
15 4 0 65
22 24 3 63
19 11 0 46
3 25 0 91
24 26 2 45
17 26 0 32
22 3 3 29
20 0 1 48
27 4 0 25
24 3 2 11
15 7 3 5
0 11 2 39
12 3 1 6
7 26 1 18
27 23 3 60
1 3 2 98
17 20 3 67
14 19 0 51
11 1 0 47
20 17 0 51
16 20 3 45
21 5 0 40
0 17 1 72
10 6 3 38
28 15 2 35
12 26 3 -2
2 20 0 42
0 7 0 39
8 7 2 11
4 2 2 49
8 3 2 48
0 19 3 99
13 28 3 61
4 20 2 94
10 5 3 51
3 25 0 95
22 23 3 49
19 1 0 55
15 7 0 46
18 19 0 45
7 3 1 32
0 14 3 37
0 10 0 40
2 18 2 36
3 9 0 41
28 14 2 24
7 7 0 60
12 5 3 67
22 22 3 69
14 11 2 57
18 11 0 57
20 10 3 56
18 12 0 42
18 17 0 51
14 5 0 48
17 6 0 43
21 6 0 34
17 0 2 11
1 24 2 43
11 2 1 -9
0 27 1 38
8 9 1 -4
28 15 3 70
24 21 3 73
14 26 0 49
14 22 3 53
16 5 0 60
12 24 0 43
21 8 0 57
2 23 2 93
16 22 0 43
21 20 0 45
17 3 0 45
7 7 1 24
14 23 1 2
17 20 0 -4
1 2 2 40
8 0 1 6
26 25 3 69
22 19 0 70
24 24 0 59
26 20 3 64
25 23 2 59
18 11 1 52
3 27 3 99
18 19 0 48
10 19 3 44
12 26 0 30
0 6 1 82
26 4 0 40
28 9 2 45
26 19 0 2
0 2 3 39
19 24 0 12
8 10 0 55
25 10 3 64
18 16 1 57
14 7 0 61
9 6 3 45
16 11 3 53
3 26 2 101
0 11 0 93
8 5 3 48
26 7 3 47
26 18 0 50
28 19 0 41
9 21 3 20
21 15 0 5
3 22 1 44
2 20 2 44
4 3 2 93
12 2 3 48
1 2 2 94
11 7 0 57
19 10 3 54
24 7 3 63
12 13 3 52
21 12 0 55
22 22 3 48
19 1 0 56
20 18 2 47
28 28 2 61
17 23 2 10
15 4 3 7
3 20 0 41
8 20 3 8
3 8 3 85
2 27 1 96
12 5 3 61
9 4 3 56
18 9 3 57
2 28 2 100
11 0 3 49
20 19 0 50
23 20 0 38
13 15 2 48
15 17 2 46
28 25 0 48
17 23 0 5
2 16 1 37
1 11 0 38
4 27 0 39
23 20 3 61
19 19 3 52
8 13 3 63
14 23 3 51
19 20 3 58
12 8 2 54
3 26 2 94
19 25 0 42
27 7 3 67
15 9 2 50
12 23 2 37
28 25 0 38
0 20 0 48
3 18 3 39
16 7 0 -3
5 7 2 29
24 15 0 63
21 15 3 55
23 14 0 76
16 17 0 53
15 22 0 58
3 10 3 99
19 4 0 60
23 16 3 40
25 27 3 63
9 7 1 43
22 25 3 42
22 22 3 -18
10 17 3 11
2 16 3 38
2 11 3 37
5 18 2 32
4 27 1 91
13 20 3 56
8 6 3 62
14 16 1 55
18 16 0 68
24 25 2 64
18 26 0 43
27 7 3 66
19 2 3 66
13 12 3 49
28 21 0 60
27 0 2 11
3 15 1 48
1 10 3 39
2 10 1 37
5 18 2 33
8 19 0 52
24 11 3 72
24 15 0 59
9 24 0 57
18 13 3 67
19 22 0 61
10 14 0 27
27 20 3 61
3 9 3 90
2 20 1 93
27 9 0 41
22 2 2 -17
26 3 0 53
1 11 0 38
9 1 1 -7
5 23 0 42
15 16 3 50
3 1 2 96
18 9 3 55
20 11 3 63
13 3 3 63
19 25 0 53
24 16 3 52
19 15 1 56
21 16 2 49
18 24 0 42
7 17 3 23
24 20 1 -31
7 4 1 3
4 21 1 17
28 0 3 28
24 4 1 34
2 25 0 61
6 20 3 46
8 1 2 53
3 27 0 84
23 17 1 76
26 8 3 63
25 8 1 76
25 12 2 69
5 2 2 46
4 26 3 66
0 14 3 46
10 28 1 57
26 25 2 50
1 15 3 38
2 9 1 28
4 21 0 36
3 11 2 55
3 25 3 77
9 2 3 40
13 28 1 65
8 24 3 71
11 28 3 80
22 11 3 61
17 18 3 81
19 21 2 58
21 17 1 54
2 15 3 54
22 25 2 37
18 19 1 36
3 21 3 50
11 27 2 55
18 20 2 63
4 2 0 48
4 13 3 60
10 15 2 53
21 20 1 78
26 26 3 100
26 4 0 70
6 3 0 52
6 15 1 67
0 14 1 49
7 0 2 46
3 18 3 54
0 14 1 29
19 26 1 66
4 26 2 56
7 23 0 51
10 8 0 27
24 9 3 55
19 1 3 47
13 9 1 37
16 3 2 48
23 19 3 88
6 25 3 69
4 17 1 58
7 24 1 54
4 20 3 50
12 8 0 30
6 21 1 33
8 22 3 24
23 20 2 59
4 26 0 59
13 18 0 58
25 11 3 67
0 8 3 65
27 5 2 61
13 28 1 83
9 0 0 55
25 18 3 66
23 0 2 54
24 19 0 72
26 6 3 54
2 22 3 47
1 9 2 44
4 12 3 36
0 14 1 39
3 18 0 43
6 2 3 33
23 24 0 76
8 27 3 69
9 1 0 54
8 25 1 82
21 9 0 58
7 0 0 56
21 7 0 55
5 26 1 69
15 17 1 56
8 27 3 72
8 21 2 49
23 2 2 33
16 21 2 26
4 21 0 28
15 21 1 18
27 6 1 45
22 18 2 44
20 17 1 71
22 10 0 52
2 16 2 84
8 1 3 62
19 19 0 52
3 6 1 57
21 22 1 55
27 6 1 54
4 15 2 34
0 2 0 49
23 9 2 19
17 4 1 -10
23 1 2 7
27 9 3 41
6 22 0 45
22 22 2 62
8 28 0 47
5 14 0 41
3 18 0 77
21 20 2 83
3 18 0 76
14 5 3 48
18 19 3 57
3 9 3 44
8 22 0 32
7 2 1 31
9 2 2 24
18 20 2 17
4 21 0 7
22 25 1 26
1 15 0 33
22 9 1 46
14 19 0 41
6 12 2 42
12 18 2 51
15 5 2 42
0 15 0 65
8 23 3 60
7 1 2 41
7 3 2 47
8 1 1 36
10 23 0 32
27 11 3 50
7 26 1 22
21 25 2 36
28 23 3 21
6 16 1 16
9 22 0 28
20 16 1 51
6 20 1 51
7 3 2 45
22 16 0 58
4 2 2 57
12 28 1 55
5 25 2 40
3 8 0 36
1 7 1 13
14 28 1 49
7 0 2 23
21 20 0 38
7 9 1 1
18 27 2 23
0 25 3 34
18 21 3 21
9 13 2 45
27 7 2 50
8 1 0 45
26 25 3 82
25 8 0 53
3 3 3 45
5 3 1 46
21 24 0 60
5 2 1 23
26 9 3 33
22 11 1 11
4 11 2 24
22 25 3 38
25 6 2 5
5 3 1 15
4 20 0 31
28 25 0 52
24 17 0 58
25 5 2 54
26 6 1 50
5 14 0 45
28 25 2 63
3 25 1 59
9 23 3 23
4 24 1 38
26 25 1 34
14 12 0 8
10 18 3 5
4 11 0 20
21 17 3 0
8 4 0 9
4 24 0 47
9 1 0 24
0 1 2 45
12 28 1 53
24 4 1 44
25 10 0 32
5 21 2 32
0 4 2 33
4 17 3 19
6 12 2 16
3 28 0 44
7 27 1 32
26 25 2 50
10 0 0 14
15 5 3 -18
4 12 2 -3
3 9 0 14
25 2 0 32
11 28 0 42
28 25 1 56
7 6 3 32
6 22 1 31
18 11 3 20
5 2 3 15
27 8 3 25
26 27 0 29
23 2 1 -1
1 26 1 48
25 9 0 23
1 1 2 27
22 3 3 4
2 20 2 47
4 25 3 23
25 16 1 36
9 25 1 40
10 4 1 28
22 18 3 42
14 28 2 56
21 10 0 23
23 17 3 21
27 25 3 37
12 13 2 -1
3 18 0 23
21 10 2 3
26 12 1 20
15 8 3 -21
20 11 1 8
18 27 0 26
22 1 3 6
2 8 0 13
26 27 0 43
6 20 1 12
27 9 1 20
28 11 3 35
17 5 3 -11
28 6 2 33
23 18 2 37
10 18 1 -3
27 9 3 27
19 2 3 -13
4 5 3 0
28 24 0 19
11 12 0 63
3 18 0 26
14 21 1 81
11 2 0 45
12 2 1 42
17 5 0 83
16 12 0 64
22 28 3 -2
14 4 0 38
23 7 2 58
17 2 0 33
17 5 0 25
20 28 2 -16
17 12 3 40
17 7 2 24
17 5 3 -21
6 11 1 54
8 9 2 63
16 24 2 83
1 9 2 28
8 3 3 41
21 24 3 31
11 12 0 49
7 17 0 20
15 11 0 26
19 1 2 16
10 1 0 -41
9 4 3 -23
12 17 0 -18
26 1 1 26
6 12 0 -43
18 18 1 -19
20 2 2 106
4 14 3 51
5 1 0 57
26 27 1 45
7 3 3 57
19 3 3 115
10 3 0 49
13 3 0 37
25 16 3 7
25 16 2 15
5 0 0 -34
23 0 2 21
23 11 2 18
1 20 3 -57
10 9 0 -32
27 5 0 -3
8 16 1 47
26 6 2 131
17 0 0 110
17 2 1 120
27 4 0 110
14 4 2 69
27 24 0 -5
27 16 1 28
18 7 2 49
16 22 0 3
17 5 1 20
18 10 3 28
9 19 0 -54
1 17 3 -59
24 10 3 30
16 11 0 -15
5 11 3 56
4 3 0 57
0 12 0 51
24 26 1 43
22 15 1 101
6 17 1 29
10 27 0 14
26 12 3 58
22 19 3 -7
24 11 3 22
1 2 1 -54
2 3 3 -57
23 1 1 -2
13 11 3 -23
26 5 1 22
23 5 1 -8
23 26 2 50
1 16 2 46
1 17 0 38
26 25 1 40
7 3 0 44
3 9 0 24
21 14 0 86
15 1 2 46
26 17 0 10
7 6 1 -32
13 27 2 -20
14 28 1 -33
16 9 3 18
25 9 0 38
24 2 3 30
22 19 0 -18
1 9 3 46
22 26 3 47
0 17 1 38
0 22 3 31
4 19 3 22
3 8 2 21
10 16 0 20
20 15 2 76
26 8 3 69
26 9 0 40
21 11 0 21
12 18 3 -38
14 27 3 -34
21 19 1 -10
27 12 3 22
19 12 3 37
2 4 1 57
4 2 1 60
7 24 0 34
0 19 1 28
8 25 0 0
26 24 1 16
8 16 1 34
12 14 0 43
27 19 2 -3
18 17 0 -6
13 4 1 6
21 13 0 34
11 3 3 -8
25 15 3 44
21 19 0 11
22 19 1 -1
11 13 3 81
1 15 0 56
10 14 0 63
7 13 0 42
7 3 3 37
4 14 0 33
9 13 0 44
14 16 0 57
16 23 2 11
11 4 0 -14
19 16 2 29
20 0 3 8
12 6 3 -25
7 4 1 -38
7 28 2 -60
15 4 1 6
3 23 0 43
5 1 0 68
10 2 0 62
6 11 3 56
7 2 0 59
7 6 2 49
11 2 0 54
16 14 0 45
18 14 3 19
23 7 0 33
19 17 0 25
15 17 0 13
16 20 3 10
24 15 0 50
21 20 1 27
15 21 2 10
0 14 3 60
3 26 3 49
10 12 0 78
5 27 2 47
13 25 0 94
10 14 0 68
27 13 2 101
16 21 1 61
23 18 3 29
12 4 0 4
24 15 0 39
17 19 3 36
27 16 1 56
27 16 2 65
16 20 0 51
18 21 3 17
2 15 1 61
2 11 3 68
5 25 3 51
1 23 2 55
2 16 0 63
2 16 2 53
26 13 0 76
27 12 0 69
15 17 2 56
23 19 3 22
11 4 1 38
24 21 0 46
8 3 2 57
9 12 1 73
15 22 2 70
27 12 1 49
0 13 1 63
5 28 0 55
1 28 3 54
1 15 3 69
4 22 3 60
6 6 2 61
20 23 3 32
24 11 0 81
23 9 0 74
23 16 0 42
19 23 0 49
5 1 3 67
9 14 3 75
20 1 3 121
21 11 2 118
13 2 0 10
3 3 3 67
4 23 3 46
3 25 0 54
6 22 2 59
6 25 0 49
1 3 3 48
11 24 0 43
26 3 2 87
27 18 0 19
15 6 3 54
24 17 0 90
24 1 2 116
17 14 0 122
24 7 0 133
0 6 1 46
19 23 1 28
1 15 3 54
1 24 3 54
2 26 2 56
1 26 3 59
0 27 1 58
9 27 0 48
12 24 0 47
24 25 3 -2
23 26 1 -2
27 12 3 63
25 11 2 95
10 0 0 68
24 8 2 124
26 15 1 118
26 10 2 126
28 19 2 46
6 25 0 48
1 25 0 50
4 20 0 59
5 28 0 49
2 28 0 52
24 5 1 143
0 3 1 30
13 12 0 32
28 20 3 38
23 13 3 63
23 10 0 118
24 2 3 116
7 11 3 74
17 0 0 130
27 15 2 110
26 20 0 57
0 1 0 30
13 4 3 41
1 14 0 87
25 4 0 96
11 0 1 60
15 4 0 42
28 13 2 86
22 23 1 90
11 5 0 51
26 18 3 100
20 4 0 39
23 15 2 36
20 23 1 31
25 14 0 37
22 10 1 62
15 18 0 66
19 0 3 0
20 15 1 79
1 13 3 95
25 13 2 86
26 23 1 96
26 5 1 87
6 2 0 56
20 21 3 101
26 4 3 84
12 1 0 61
19 1 0 48
24 5 1 41
12 0 1 -7
25 5 0 43
3 18 0 75
12 6 1 42
0 0 0 -17
5 0 0 37
3 7 3 55
2 5 0 55
12 0 0 62
27 7 1 89
19 3 3 59
25 3 3 106
27 9 1 90
19 5 3 63
6 3 3 51
21 2 0 39
26 18 3 29
25 18 2 32
13 8 2 16
2 25 3 78
0 1 0 -18
1 3 0 27
8 0 3 48
4 1 0 43
9 5 3 62
6 2 1 61
2 18 0 99
16 11 0 66
7 3 3 57
6 5 0 58
9 4 0 56
26 5 3 45
25 1 1 34
21 18 2 31
9 23 2 40
14 9 1 18
0 11 0 19
3 1 0 16
25 13 2 85
19 0 0 48
26 2 0 84
9 4 2 62
15 1 1 34
23 26 0 75
28 27 2 73
15 0 0 44
27 12 1 92
21 12 2 43
25 1 3 32
21 22 0 29
26 4 0 46
15 7 2 11
15 19 3 -48
7 15 3 12
19 3 3 35
18 1 0 46
9 6 1 30
14 2 3 51
5 27 3 82
9 4 3 59
8 24 1 105
17 4 3 42
7 2 3 50
21 8 2 40
15 22 2 29
24 10 0 37
22 10 3 49
28 0 3 31
14 26 3 -31
0 4 0 21
8 14 3 37
15 11 1 42
13 15 0 46
20 19 1 92
6 25 1 64
7 6 0 48
15 9 2 52
9 7 0 45
13 10 0 51
22 8 2 38
21 19 1 28
22 21 0 33
21 27 1 32
28 8 1 51
16 6 1 -62
2 8 0 -26
7 16 3 35
1 1 0 32
3 9 3 35
14 26 1 64
13 10 3 39
20 3 3 40
14 23 1 79
23 25 1 78
14 20 0 48
9 2 2 4
24 9 2 37
24 18 0 36
17 23 1 48
11 24 1 51
2 21 2 12
13 17 2 -31
19 13 3 11
19 17 1 30
3 9 1 51
3 9 0 10
2 2 0 37
21 11 1 31
26 20 0 89
16 1 2 46
19 15 0 44
8 27 3 38
23 13 1 41
28 22 1 30
27 5 0 51
25 14 3 50
14 20 2 -22
12 26 0 -1
27 0 0 14
3 8 3 30
8 17 0 44
5 15 0 34
1 26 2 106
12 13 1 20
11 21 2 71
13 9 1 48
21 1 2 42
24 13 1 41
23 17 0 38
25 17 0 37
17 22 1 51
25 6 3 52
17 26 2 -14
1 22 2 35
4 6 3 -20
18 27 0 34
14 26 3 16
0 11 1 57
17 27 2 51
17 27 2 63
17 26 1 74
16 20 0 40
5 24 3 54
9 28 3 37
23 0 2 42
25 13 2 46
19 21 1 53
24 9 1 54
15 26 3 6
20 28 2 11
14 7 1 -15
17 20 1 11
11 10 2 -3
14 8 2 1
13 21 1 40
15 21 0 44
23 0 0 42
28 19 2 32
27 21 1 29
22 22 0 36
22 18 0 44
25 8 0 50
28 16 0 43
20 18 0 48
12 26 1 -11
13 25 2 9
13 26 3 18
8 8 2 -5
14 0 1 -14
13 5 2 1
12 23 0 47
10 25 2 50
16 23 0 42
25 11 1 45
22 21 0 39
25 19 0 40
24 6 0 51
28 13 2 38
26 23 0 42
23 22 2 45
14 28 1 10
0 25 0 42
3 28 1 45
25 24 3 10
13 0 1 -8
16 22 2 37
10 25 0 38
19 25 3 32
16 25 0 50
12 28 0 67
17 24 1 52
16 23 0 43
17 22 0 46
17 22 0 54
17 22 0 49
20 20 0 50
1 19 2 21
0 17 2 48
0 19 2 43
9 0 1 -17
21 21 2 38
24 7 1 43
11 25 2 38
15 28 0 28
13 26 0 4
18 27 0 30
26 27 3 49
26 22 2 60
10 25 2 64
18 24 1 56
17 23 0 54
10 25 3 67
0 17 1 69
2 21 3 26
15 20 0 0
5 28 0 36
24 5 1 42
24 19 0 36
21 14 1 45
13 24 0 47
17 26 3 33
17 28 3 10
18 27 0 29
22 21 3 54
22 26 3 45
8 6 0 32
14 0 3 32
16 23 2 61
16 6 1 45
1 16 0 39
0 14 2 35
25 7 3 70
14 28 3 85
13 27 2 98
10 7 0 51
3 19 3 100
18 2 3 60
15 25 2 72
18 5 3 52
14 28 2 95
11 28 0 80
8 10 3 43
24 8 0 42
18 3 1 -46
28 14 2 95
11 6 1 0
12 28 3 28
24 7 3 64
0 2 3 87
15 0 0 58
18 7 3 57
20 3 3 59
12 11 0 67
0 2 3 76
0 14 3 108
22 0 0 53
0 12 2 90
20 9 3 46
25 8 0 26
25 25 0 -8
26 12 2 76
3 19 1 32
15 26 1 35
9 15 3 57
0 4 3 100
13 10 0 63
13 28 3 97
13 27 1 101
14 7 3 45
13 6 3 68
14 28 0 105
0 24 1 89
12 9 0 49
17 5 3 26
26 19 3 9
24 20 3 -6
20 2 2 0
2 20 2 31
2 8 0 39
14 4 0 59
19 2 3 55
9 2 3 40
0 14 0 102
10 7 3 59
19 4 1 32
10 5 2 67
19 6 0 54
0 10 2 93
20 16 3 67
24 8 0 49
27 17 1 -2
6 24 1 -29
2 1 0 39
2 22 0 30
26 6 3 75
19 6 0 48
12 7 0 51
9 9 0 51
12 28 1 93
23 10 0 73
0 0 3 62
18 2 3 59
1 13 1 89
11 13 0 53
11 9 3 43
25 7 0 37
9 12 1 -58
28 11 3 8
12 4 3 -6
2 1 0 33
25 5 3 68
17 2 0 52
24 10 0 71
22 2 3 55
13 26 1 96
3 12 1 42
23 10 3 77
17 9 0 54
20 22 3 87
11 15 3 53
25 1 0 58
25 10 0 23
25 20 1 -2
4 24 2 -19
1 18 2 40
13 26 0 32
4 6 0 38
9 12 0 70
13 11 3 37
0 13 0 94
17 9 0 58
13 11 0 17
18 3 0 48
1 13 0 84
26 1 0 58
5 10 3 31
23 11 0 48
4 19 1 5
7 28 0 7
2 26 0 -16
2 3 2 45
13 28 0 35
25 7 1 67
5 23 3 79
26 3 3 56
2 18 1 87
11 12 0 50
25 9 3 53
0 3 0 76
6 9 0 45
11 15 3 47
25 1 0 35
6 10 3 16
7 19 3 -10
9 22 0 -4
14 24 2 -15
0 21 1 39
1 10 0 39
3 16 0 39
25 3 0 71
24 8 3 50
11 6 3 57
25 7 0 53
13 16 0 31
27 7 3 97
11 14 0 41
23 8 3 51
12 15 0 15
15 7 3 2
28 10 1 72
2 24 1 11
21 23 1 14
12 3 3 -3
1 17 3 41
1 14 1 43
14 15 1 40
1 28 3 80
22 1 0 51
12 14 3 23
17 3 3 31
16 7 0 44
11 16 3 43
11 14 0 11
10 14 3 25
13 13 0 9
27 12 1 55
16 3 1 -16
18 25 0 0
12 28 3 37
0 13 0 43
2 23 2 38
6 20 0 47
16 23 0 92
13 20 0 60
25 8 1 51
13 14 1 48
11 14 0 23
23 9 0 28
12 12 3 7
12 12 0 21
15 16 3 14
6 21 3 19
15 6 0 -18
19 7 0 -26
0 11 2 47
1 18 0 41
3 21 3 38
2 23 3 38
3 24 2 39
7 20 0 45
13 6 3 33
2 1 0 70
13 12 3 27
5 19 1 27
23 9 0 14
26 28 0 25
6 27 3 32
6 28 1 43
8 21 0 12
7 20 3 9
0 15 0 42
1 20 0 40
1 15 3 40
0 24 1 44
5 23 1 41
7 23 1 37
1 7 2 48
6 24 2 29
22 12 3 37
14 7 2 10
12 23 1 31
14 22 3 26
13 17 1 6
10 22 3 0
12 23 3 21
26 21 1 33
17 28 3 49
4 23 0 39
7 21 2 55
4 25 0 57
7 25 0 53
2 2 0 61
2 2 0 56
17 11 2 13
3 24 2 31
13 19 1 28
0 26 3 20
12 24 0 37
10 21 3 21
4 19 2 31
14 26 0 29
17 12 0 -2
26 15 0 86
6 24 3 58
8 26 1 56
4 27 0 19
4 27 1 16
12 6 1 0
11 26 2 40
11 6 1 9
21 1 2 -5
19 0 2 0
22 1 3 0
22 23 3 54
1 9 1 34
9 15 0 1
25 21 1 45
7 26 3 36
0 14 1 61
1 28 0 30
3 28 3 9
5 26 3 26
8 24 1 40
7 24 1 35
1 20 2 44
0 22 0 44
1 6 0 43
2 4 0 33
18 7 0 -4
28 20 0 60
15 22 3 14
26 27 3 22
22 22 1 46
4 28 2 32
17 25 1 24
18 2 3 46
23 4 0 47
8 20 0 37
11 12 3 39
11 22 0 34
11 11 3 33
12 7 3 40
5 20 0 31
13 7 3 33
16 0 2 43
7 24 1 21
19 6 0 28
3 28 3 9
10 27 3 15
7 28 2 -4
3 7 3 20
15 25 3 19
15 16 0 49
0 21 3 45
13 8 3 51
4 15 2 43
11 3 2 39
11 15 2 49
16 17 1 22
27 15 0 46
1 20 3 55
17 26 1 35
16 25 2 33
26 10 0 31
11 20 2 27
11 19 1 27
15 16 0 17
3 25 0 22
8 4 0 22
23 22 0 27
9 11 0 40
1 1 3 42
18 4 1 44
3 6 1 31
12 7 3 34
15 25 2 30
11 7 1 30
23 21 2 41
1 8 3 45
18 6 1 30
22 10 2 18
25 23 1 10
13 10 0 23
2 16 3 28
2 22 3 32
13 7 0 39
1 21 1 30
9 28 3 13
13 7 3 32
9 14 3 33
24 15 0 35
7 25 1 11
10 20 0 37
7 9 1 29
15 5 1 32
15 5 1 33
13 7 2 19
13 20 1 22
22 3 3 17
4 8 1 18
11 28 1 25
11 12 0 52
12 12 3 39
15 10 0 23
4 25 2 25
11 11 2 42
12 28 0 20
5 13 2 36
9 21 0 32
0 14 0 39
26 10 1 38
7 2 0 19
11 10 0 35
25 9 3 30
18 27 2 13
4 25 3 2
0 22 3 26
13 7 0 36
3 12 0 39
0 16 3 33
16 27 0 12
15 24 1 34
20 6 0 42
14 13 0 39
20 20 0 40
3 19 0 38
8 23 0 13
28 14 3 31
21 23 2 37
27 7 0 31
0 22 3 12
0 21 2 24
1 21 3 34
4 23 1 25
2 22 1 30
10 20 0 28
0 26 0 14
2 28 2 19
3 21 2 20
16 13 0 42
20 3 0 43
4 7 1 35
10 20 0 23
15 20 2 25
26 24 0 9
18 23 3 34
20 9 1 6
2 28 2 1
13 11 2 21
4 19 0 21
2 28 1 21
0 0 0 47
11 13 0 48
13 2 1 30
15 16 2 26
23 15 3 34
5 12 2 36
24 21 3 36
28 28 2 13
18 21 3 30
22 26 1 13
5 15 1 27
3 8 3 25
10 18 1 19
2 15 0 39
9 11 2 24
13 17 3 26
27 28 0 10
5 19 0 21
16 25 1 36
12 16 2 46
12 12 3 35
5 20 3 28
3 19 3 36
19 9 3 39
27 2 0 34
17 5 0 35
12 7 2 32
10 8 1 40
4 12 1 42
11 11 2 29
20 27 1 27
3 22 2 19
5 16 1 29
17 25 2 27
25 16 2 18
15 24 1 26
6 15 1 42
15 10 1 26
15 15 3 31
7 25 0 21
16 11 0 37
15 16 3 36
1 19 2 43
4 22 2 2
0 1 0 21
10 13 3 32
10 8 3 44
4 25 1 28
4 1 3 20
20 1 2 15
18 8 2 20
14 16 1 40
23 11 3 31
19 11 3 30
12 28 0 16
22 0 1 37
28 24 3 27
14 19 1 44
24 15 3 40
9 24 2 13
16 26 1 27
9 20 1 43
11 24 2 45
9 11 0 57
1 21 1 47
9 14 3 34
10 19 3 29
3 21 1 14
12 28 3 21
15 12 0 26
5 19 3 27
23 23 2 32
18 8 3 42
24 21 0 38
28 22 0 37
10 13 0 56
15 16 1 57
0 22 2 43
2 22 2 38
2 22 1 38
1 15 1 71
5 9 2 40
2 17 1 39
7 10 0 32
1 18 1 27
27 27 0 9
24 22 0 20
24 3 1 35
26 25 0 38
27 6 3 54
27 12 3 54
21 10 3 30
1 2 2 62
14 8 1 61
6 28 3 32
0 10 3 64
7 11 3 48
3 12 0 59
13 25 3 48
1 18 2 55
20 24 0 26
11 18 3 35
15 13 0 30
16 5 0 43
23 22 2 48
1 20 1 57
26 24 0 39
4 23 2 38
12 28 1 37
6 2 2 49
17 20 2 65
5 26 2 38
16 13 1 51
6 16 3 46
9 11 3 41
2 1 3 43
6 5 3 26
1 18 2 46
24 23 1 41
24 23 0 41
19 21 0 54
27 8 0 67
28 10 2 62
5 7 2 50
1 18 0 48
15 16 3 68
1 25 2 58
4 21 1 63
9 28 0 49
16 25 0 56
18 10 0 39
16 11 1 41
8 11 3 47
18 4 2 42
16 14 1 50
28 13 0 54
11 18 1 63
4 19 0 68
28 9 2 70
15 24 0 70
6 22 2 77
6 22 1 76
0 15 2 63
15 26 0 74
6 10 0 51
23 22 1 63
12 3 0 12
23 5 3 -8
28 11 3 11
22 19 0 51
23 0 2 48
24 9 3 65
25 3 0 45
19 14 3 76
24 7 0 37
3 0 3 55
3 17 0 70
5 15 0 65
4 1 1 48
7 8 2 52
11 13 2 50
20 23 2 59
20 11 0 25
23 17 2 17
18 2 3 44
13 0 3 58
26 11 1 21
19 3 0 61
25 1 3 38
1 21 3 55
25 18 3 56
6 22 1 76
14 20 2 67
16 19 2 72
4 1 3 49
2 7 3 43
24 23 2 84
25 1 3 46
12 3 0 32
13 3 1 33
21 23 0 41
25 3 3 14
27 10 1 26
27 27 3 74
24 3 0 58
6 14 0 65
22 22 0 81
5 23 0 64
1 0 3 49
13 17 0 69
2 2 0 56
1 17 3 53
19 27 2 69
11 3 2 52
23 12 1 29
24 21 0 49
11 7 3 32
27 6 3 29
22 4 0 39
23 14 2 76
15 28 0 84
25 0 0 36
24 19 3 76
3 24 0 74
8 17 3 65
17 25 3 79
2 7 3 52
6 11 0 54
9 4 1 45
11 24 2 45
13 6 0 34
12 13 2 41
14 8 0 34
24 19 0 52
23 3 2 40
26 21 0 67
18 11 2 36
16 0 3 76
21 8 2 55
1 1 0 51
2 26 3 77
0 7 2 56
2 5 3 51
11 15 2 55
20 24 1 70
9 0 3 42
24 4 0 37
9 1 3 31
16 12 0 42
19 9 0 55
22 10 3 34
19 10 1 53
27 11 0 48
24 16 3 71
13 3 2 72
5 3 0 54
4 7 0 52
11 21 3 64
14 18 1 67
8 21 0 56
5 26 3 60
3 27 3 67
12 5 0 56
18 13 2 58
2 16 1 15
23 11 1 41
20 7 1 13
12 2 1 49
24 18 3 62
20 24 1 84
12 19 3 40
3 1 1 51
9 13 1 58
0 1 3 44
6 16 0 56
8 9 0 44
5 23 0 58
7 8 2 46
23 18 3 51
19 16 3 53
12 13 0 26
11 3 0 26
28 4 3 17
24 17 0 53
22 6 2 50
23 14 1 65
12 24 2 59
6 7 3 44
8 26 1 64
5 5 2 43
5 15 0 51
22 21 0 62
8 16 0 53
22 27 2 78
23 1 3 34
20 24 2 56
19 21 0 44
13 8 1 39
12 25 1 29
28 10 0 26
23 5 3 38
12 6 3 48
25 6 3 48
27 1 2 50
8 14 0 47
7 10 0 47
16 20 2 53
20 24 1 72
1 15 0 44
20 24 2 61
10 1 1 40
15 26 2 53
25 12 0 33
20 22 0 52
16 8 3 39
21 5 3 22
28 10 1 18
26 3 0 24
22 18 0 60
17 26 3 60
12 27 3 54
8 19 0 50
15 8 3 52
2 18 2 47
13 18 0 52
12 5 2 50
0 16 0 32
4 12 0 36
10 5 0 30
12 14 0 33
23 24 3 52
26 21 3 31
25 4 3 33
23 18 3 33
22 12 3 40
24 22 0 79
25 4 3 36
20 15 1 58
4 0 1 26
3 27 1 58
0 1 3 28
7 14 3 44
4 3 1 36
24 27 3 71
24 22 0 58
16 24 2 46
22 3 3 22
20 24 1 37
21 24 2 26
25 14 0 23
12 5 1 22
22 22 3 60
20 20 0 56
4 22 1 43
13 14 1 45
5 20 3 49
7 0 3 37
9 25 1 52
11 27 3 52
21 23 2 60
17 11 2 45
22 24 2 63
16 16 0 14
26 27 2 56
17 12 1 11
27 4 0 -3
24 5 0 2
26 4 0 35
26 23 3 60
19 22 3 50
0 18 0 39
11 11 1 47
4 2 2 36
11 2 2 43
16 19 1 52
9 23 2 39
4 1 0 18
3 2 1 13
10 24 2 21
21 5 3 14
24 18 0 22
26 0 0 6
23 25 3 4
6 17 3 32
5 26 1 36
15 20 3 39
6 16 3 33
7 19 0 37
13 21 2 39
13 24 3 45
7 24 3 43
16 21 2 37
4 27 2 34
9 13 1 21
4 11 1 8
27 14 3 4
22 21 0 29
22 1 0 10
19 21 1 4
14 28 1 26
9 28 0 28
16 28 0 40
19 28 1 41
9 28 1 34
9 28 0 34
19 28 1 57
13 28 0 35
14 28 0 32
14 28 1 26
14 28 0 29
8 28 0 17
17 28 1 18
16 28 1 17
12 28 0 -6
14 28 1 2
1 0 0 38
28 14 1 -17
3 9 1 -15
6 27 0 -13
16 6 2 36
16 4 0 38
28 7 3 47
21 5 3 48
27 2 0 49
17 0 0 40
19 0 0 17
19 25 3 20
22 8 2 47
25 2 2 42
13 2 1 52
21 6 3 62
6 8 0 39
9 16 3 15
4 9 2 -32
5 27 2 -16
7 0 0 36
17 2 3 35
11 2 0 44
12 0 3 49
11 2 1 48
24 2 3 38
20 3 0 43
20 0 0 32
12 27 2 9
28 10 2 53
13 4 1 51
19 25 2 25
20 0 2 72
4 15 3 5
10 16 2 -20
10 16 2 6
6 4 0 40
24 2 2 28
26 2 3 30
28 5 1 37
20 6 1 44
27 0 0 31
10 3 3 43
10 22 0 0
18 1 1 49
20 4 3 61
25 3 1 48
4 23 3 2
3 15 0 41
9 18 0 53
9 17 0 30
7 17 3 14
16 20 3 12
20 6 1 39
7 24 0 -3
15 5 2 39
9 0 2 37
21 9 2 42
11 3 0 38
21 5 0 37
24 6 0 35
14 3 1 51
27 5 0 38
7 25 2 1
9 17 3 39
14 15 1 65
5 28 3 62
2 12 2 34
3 2 0 56
6 7 0 44
7 8 3 31
20 6 0 34
18 7 1 36
21 6 0 40
21 7 1 39
15 5 0 36
23 7 0 35
28 11 1 55
21 9 2 39
17 3 1 37
0 27 3 75
4 4 3 84
21 14 3 80
5 0 3 100
3 12 3 53
15 10 0 58
8 8 1 32
3 12 3 22
16 0 3 29
24 0 2 27
10 5 0 34
18 8 1 36
21 10 1 38
23 7 1 44
28 9 1 38
18 7 2 40
8 13 1 48
3 12 3 28
13 17 0 34
4 18 2 62
20 2 2 96
2 9 2 49
4 14 3 38
2 28 3 47
5 18 2 3
9 19 3 7
10 8 0 33
24 7 0 37
26 12 2 34
23 13 0 34
26 7 1 43
26 9 2 38
3 26 0 49
5 26 2 43
1 0 2 73
22 14 0 61
3 27 0 63
28 4 0 91
6 9 0 62
5 28 2 53
5 17 0 18
4 28 3 47
16 14 0 29
17 15 0 39
3 16 0 22
15 11 0 51
23 8 2 36
16 21 0 26
12 8 3 70
1 23 3 42
9 18 0 44
14 15 0 64
16 24 2 44
8 15 0 57
25 28 0 67
24 14 2 71
15 14 0 52
23 14 1 56
15 12 0 71
4 14 0 44
4 16 0 43
16 13 1 68
6 19 1 44
25 8 3 67
4 16 0 47
12 8 0 75
17 0 1 87
4 27 3 57
9 17 3 27
9 17 0 45
3 6 2 42
0 28 2 97
0 8 0 52
4 25 0 40
3 14 3 48
26 14 3 45
2 25 1 55
20 26 2 41
27 16 2 57
19 16 3 63
16 21 3 62
21 1 2 79
19 20 3 84
15 14 0 65
1 14 0 59
3 22 2 52
17 20 3 59
5 8 2 51
10 16 0 51
7 11 2 23
14 13 3 34
20 10 2 43
19 19 0 42
5 19 0 18
16 21 2 41
16 21 1 65
28 22 2 65
18 15 3 54
8 5 3 94
4 19 1 58
17 2 2 92
22 3 1 93
22 14 0 62
13 9 0 70
5 11 0 36
3 16 1 16
14 15 2 22
2 14 3 17
21 0 1 41
28 3 3 44
27 10 2 42
4 17 0 24
15 11 3 49
28 24 1 60
26 8 0 90
9 4 2 92
27 7 3 97
27 7 3 95
20 4 2 100
15 17 2 56
12 19 3 44
5 18 0 33
7 8 0 36
26 9 3 40
21 2 2 40
20 15 2 12
27 7 2 40
4 16 3 18
26 26 3 16
6 16 1 42
5 19 3 35
8 0 2 98
13 10 0 87
6 27 2 61
28 5 0 88
11 4 2 98
9 25 0 49
28 2 0 77
19 26 0 45
24 21 3 61
9 19 0 35
23 25 1 47
18 19 3 54
4 16 1 14
4 16 2 -11
2 25 0 20
3 15 0 32
3 25 0 58
8 0 0 97
20 1 2 98
19 4 3 99
19 4 0 99
9 27 3 54
9 22 0 53
12 2 3 90
7 25 0 45
16 26 0 49
20 5 0 89
8 5 2 81
24 15 1 53
17 28 1 -13
15 13 3 -11
0 0 2 54
0 0 3 73
0 0 2 84
0 0 3 86
0 0 3 89
0 0 3 87
0 0 3 90
0 0 3 89
0 0 2 89
0 0 2 87
0 0 3 88
9 28 0 38
0 0 2 74
0 0 3 83
17 12 3 23
14 11 1 18
8 8 3 51
8 27 2 14
0 6 0 50
0 27 3 18
12 4 3 44
9 8 0 43
3 1 2 32
7 16 2 4
14 11 3 28
14 12 0 18
14 12 3 12
14 11 0 24
19 10 3 -14
22 8 3 22
26 20 0 24
5 0 2 43
5 1 2 43
11 5 0 44
12 4 1 41
5 6 1 36
4 7 1 41
14 0 2 40
11 1 1 37
11 6 0 35
26 22 2 16
20 1 3 23
24 14 0 19
25 12 3 34
26 13 3 24
27 16 0 26
4 0 3 43
6 6 1 47
2 5 3 42
0 7 3 47
18 1 0 49
9 5 2 43
2 5 0 35
4 2 2 32
13 22 3 26
18 0 3 34
17 20 3 27
23 7 3 14
27 3 0 28
26 12 0 19
21 19 0 57
10 22 3 12
4 12 0 43
2 7 1 48
10 1 0 43
4 0 2 38
7 0 0 39
8 8 2 38
5 6 2 33
5 6 0 34
28 12 3 36
27 12 0 41
10 24 3 11
21 7 3 21
22 9 1 27
27 2 3 26
20 16 3 39
22 23 0 39
2 6 0 34
9 0 1 37
2 5 1 36
4 3 3 37
8 7 0 41
4 0 0 32
25 25 3 15
13 11 0 43
27 12 0 33
22 20 0 29
20 8 0 42
26 12 0 21
16 19 3 27
25 23 1 57
17 11 2 38
10 16 2 55
9 7 0 36
2 3 3 28
9 1 0 34
4 8 1 37
22 27 3 8
5 9 1 37
6 11 0 33
18 0 0 30
23 16 3 34
23 17 0 55
15 10 0 45
22 14 3 55
23 10 3 41
22 21 2 59
21 18 0 41
24 17 0 46
15 0 0 41
0 19 3 24
24 25 3 13
8 9 1 37
11 10 0 47
4 14 2 36
23 20 0 34
21 8 0 52
16 21 3 28
21 21 2 64
20 9 0 63
0 0 2 84
23 11 0 59
24 16 1 25
23 17 3 57
11 18 3 8
24 25 0 21
22 21 3 34
25 27 3 15
7 19 3 29
23 22 3 32
22 17 3 55
20 9 0 45
8 21 3 67
12 14 1 57
11 14 2 64
19 16 2 65
26 10 0 69
23 15 1 51
22 9 0 25
24 11 3 0
23 9 0 58
10 17 3 56
8 15 0 46
17 19 3 49
13 19 0 46
9 18 2 41
26 10 3 78
27 27 3 69
10 22 3 88
5 16 0 62
22 22 3 60
23 12 0 60
20 17 1 42
13 26 1 50
22 20 3 32
23 10 0 16
1 15 3 30
12 15 2 55
12 16 3 36
28 24 2 58
10 21 0 67
13 16 0 49
24 28 1 48
20 15 0 57
23 15 0 79
12 15 2 42
20 16 0 51
24 16 0 54
22 17 3 16
28 13 0 48
22 17 3 36
4 14 3 47
9 20 3 46
10 17 1 37
3 14 3 44
1 14 2 59
3 14 1 56
23 23 3 42
6 24 2 33
20 18 0 64
23 17 0 63
21 22 1 30
26 15 3 50
16 9 0 29
24 17 3 55
19 17 2 9
17 11 3 35
4 14 2 45
24 12 3 47
5 22 2 34
25 26 1 28
4 22 2 45
12 16 3 29
9 19 0 27
20 21 3 36
20 16 1 44
22 18 0 62
25 15 0 58
22 7 0 31
24 12 0 20
23 11 1 51
28 2 0 42
28 6 0 40
10 9 3 64
21 20 3 42
18 3 2 49
3 24 0 36
27 21 3 35
25 27 0 42
14 19 3 20
8 21 3 46
23 19 0 35
24 12 3 55
23 21 0 47
20 8 3 38
22 17 3 57
15 18 3 48
25 28 2 56
0 23 0 61
9 17 3 45
1 15 0 39
6 15 0 38
19 25 1 37
21 23 0 42
24 27 0 34
18 9 0 59
14 17 3 44
16 25 0 38
23 22 0 40
22 15 3 63
17 25 1 37
21 10 0 63
0 1 2 82
2 0 1 90
0 1 2 63
6 24 2 45
15 20 0 53
19 26 0 47
9 6 3 86
6 3 0 76
18 26 0 52
9 2 3 91
4 9 2 89
4 20 3 65
9 0 3 80
1 1 0 91
0 2 1 90
9 4 2 95
2 21 1 79
2 19 0 75
16 3 0 71
4 17 2 41
20 24 3 18
17 28 1 40
18 28 0 43
18 28 1 42
17 28 0 44
18 28 1 43
17 28 0 46
17 28 0 44
18 28 0 42
17 28 1 43
17 28 0 39
17 28 1 41
18 28 0 39
18 28 1 37
25 28 0 32
15 28 0 6
20 28 0 -11
0 9 3 7
0 2 1 57
13 12 3 34
21 9 3 61
15 12 3 48
8 21 1 60
7 11 2 40
6 28 2 77
8 20 2 22
4 26 3 26
20 23 2 30
27 26 1 53
10 17 2 33
19 10 1 41
27 7 0 37
26 6 3 40
2 9 1 -10
0 6 3 35
0 10 3 35
26 24 3 79
16 12 2 60
23 9 1 54
9 1 2 35
14 9 0 32
14 13 3 29
7 20 1 28
16 3 2 33
1 13 3 21
24 15 2 36
15 20 3 52
28 12 2 41
28 0 2 47
21 22 0 67
1 7 3 37
0 5 3 63
4 11 0 44
4 5 2 53
7 19 2 67
15 11 3 68
16 2 0 65
13 1 0 42
14 12 0 29
21 11 1 29
21 4 0 38
2 23 0 43
13 16 2 53
20 7 2 63
26 9 0 48
1 8 3 28
2 9 2 33
12 5 3 40
8 7 0 46
4 3 0 54
4 8 1 50
12 8 2 55
13 7 2 40
28 25 1 57
17 13 2 35
26 13 0 25
21 27 1 54
24 6 2 38
17 13 1 53
23 3 3 54
22 26 2 73
2 8 1 21
0 1 0 17
2 22 3 68
0 12 0 60
0 11 0 59
0 10 1 51
24 4 0 69
0 28 2 82
18 11 0 44
21 7 1 36
28 0 0 14
21 4 0 41
24 17 0 40
21 16 3 52
19 11 3 58
21 13 1 66
15 24 0 96
28 24 3 85
14 10 1 69
26 6 1 70
8 8 0 45
10 16 0 72
10 11 0 48
12 1 0 54
15 9 0 44
18 8 1 44
15 19 3 36
12 20 1 37
13 20 3 53
19 5 1 60
23 9 1 45
22 14 2 60
2 6 0 51
22 26 1 96
2 10 1 45
4 24 0 75
11 10 0 49
8 11 0 58
13 5 0 57
14 12 0 51
23 27 1 75
13 20 0 55
27 7 3 21
16 21 0 42
19 10 3 55
20 7 1 52
27 20 0 53
28 15 1 51
3 9 1 31
0 26 3 63
14 13 1 56
10 1 1 53
6 28 2 80
9 27 2 69
2 15 1 44
1 16 3 21
15 16 0 41
16 13 0 35
17 16 2 42
21 8 2 43
18 6 3 51
7 24 0 57
26 1 2 43
14 21 1 56
16 10 2 54
7 20 0 47
13 13 0 74
8 16 1 57
6 26 1 84
22 24 1 75
13 0 2 48
20 26 0 58
18 10 2 37
17 15 0 39
22 26 0 51
23 0 1 43
17 26 2 56
21 9 0 54
24 23 2 50
20 24 1 56
10 16 2 66
6 24 0 63
2 7 0 63
17 8 0 66
10 1 1 37
3 23 2 46
25 26 2 59
19 27 1 44
23 25 2 45
21 13 1 33
17 10 3 31
13 24 3 54
27 1 2 32
20 11 2 49
15 9 0 36
15 4 1 35
3 22 0 67
13 27 1 87
27 24 1 87
14 4 2 59
9 2 2 38
9 20 0 52
7 4 3 15
14 3 0 21
25 8 2 17
26 18 0 31
14 24 3 42
22 15 1 37
22 13 0 32
26 21 0 45
13 27 1 64
26 6 2 22
4 16 0 36
24 11 1 61
15 0 0 59
9 16 3 29
4 27 3 50
13 1 2 23
21 15 1 36
20 17 3 32
18 4 1 26
17 26 2 49
14 16 1 26
14 24 1 55
14 24 2 56
13 20 0 42
13 27 0 57
19 12 2 41
0 25 3 49
20 27 1 45
2 22 0 42
20 13 0 45
14 16 2 31
19 12 1 34
14 22 2 36
5 4 3 9
19 21 0 22
17 24 2 46
23 5 2 24
9 24 0 37
12 2 2 19
25 23 3 43
14 10 1 12
12 3 2 15
21 27 1 73
9 13 3 9
15 7 3 32
12 19 2 38
28 6 0 21
28 12 2 20
25 6 1 10
17 22 3 32
14 22 0 16
17 25 0 38
21 26 3 54
22 10 3 27
22 24 1 23
22 24 0 32
14 25 0 28
2 24 0 3
16 25 0 60
13 5 2 14
9 1 2 0
10 23 1 28
5 28 1 45
23 1 3 15
7 24 2 15
13 24 0 31
21 5 3 15
17 27 0 38
0 25 1 36
12 27 0 33
21 21 2 18
3 22 0 10
25 11 2 1
17 12 2 1
25 28 1 51
0 28 0 18
26 28 0 24
8 11 0 -25
18 28 1 -3
18 28 0 18
1 28 0 12
6 19 1 -11
17 28 1 23
25 28 0 29
5 19 1 1
18 28 1 23
18 28 1 12
5 19 1 -23
25 28 1 19
26 28 0 25
