128 0 0 4
0 0 0 0
0 0 0 0
0 0 0 0
0 0 0 0
0 0 0 0
0 0 0 0
0 0 0 0
0 0 0 0
0 0 0 0
0 0 0 0
0 0 0 0
0 0 0 0
0 0 0 0
0 0 0 0
0 0 0 0
28 0 0 6
41 0 1 60
0 0 0 255
0 0 0 255
0 0 0 255
0 0 0 255
0 0 0 255
43 14 0 24
0 0 0 0
0 0 0 0
0 0 0 0
0 0 0 0
0 0 0 0
0 0 0 0
0 0 0 0
0 0 0 0
0 0 0 0
0 0 0 0
0 0 0 0
0 0 0 0
0 0 0 0
0 0 0 0
0 0 0 0
0 0 0 0
0 0 0 0
0 0 0 0
0 0 0 0
0 0 0 0
0 0 0 0
0 0 0 0
0 0 0 0
0 0 0 0
28 0 0 6
41 0 1 60
0 0 0 255
0 0 0 255
0 0 0 255
0 0 0 255
0 0 0 255
43 14 0 24
0 0 0 0
0 0 0 0
0 0 0 0
0 0 0 0
0 0 0 0
0 0 0 0
0 0 0 0
0 0 0 0
0 0 0 0
0 0 0 0
0 0 0 0
0 0 0 0
0 0 0 0
0 0 0 0
0 0 0 0
0 0 0 0
0 0 0 0
0 0 0 0
0 0 0 0
0 0 0 0
0 0 0 0
0 0 0 0
0 0 0 0
0 0 0 0
28 0 0 6
41 0 1 60
0 0 0 255
0 0 0 255
0 0 0 255
0 0 0 255
0 0 0 255
43 14 0 24
0 0 0 0
0 0 0 0
0 0 0 0
0 0 0 0
0 0 0 0
0 0 0 0
0 0 0 0
0 0 0 0
0 0 0 0
0 0 0 0
0 0 0 0
0 0 0 0
0 0 0 0
0 0 0 0
0 0 0 0
0 0 0 0
0 0 0 0
0 0 0 0
0 0 0 0
0 0 0 0
0 0 0 0
0 0 0 0
0 0 0 0
0 0 0 0
28 0 0 6
41 0 1 60
0 0 0 255
0 0 0 255
0 0 0 255
0 0 0 255
0 0 0 255
43 14 0 24
0 0 0 0
0 0 0 0
0 0 0 0
0 0 0 0
0 0 0 0
0 0 0 0
0 0 0 0
0 0 0 0
0 0 0 0
0 0 0 0
0 0 0 0
0 0 0 0
0 0 0 0
0 0 0 0
0 0 0 0
0 0 0 0
0 0 0 0
0 0 0 0
0 0 0 0
0 0 0 0
0 0 0 0
0 0 0 0
0 0 0 0
0 0 0 0
28 0 0 6
41 0 1 60
0 0 0 255
0 0 0 255
0 0 0 255
0 0 0 255
0 0 0 255
43 14 0 24
0 0 0 0
0 0 0 0
0 0 0 0
0 0 0 0
0 0 0 0
0 0 0 0
0 0 0 0
0 0 0 0
0 0 0 0
0 0 0 0
0 0 0 0
0 0 0 0
0 0 0 0
0 0 0 0
0 0 0 0
0 0 0 0
0 0 0 0
0 0 0 0
0 0 0 0
0 0 0 0
0 0 0 0
0 0 0 0
0 0 0 0
0 0 0 0
28 0 0 6
41 0 1 60
0 0 0 255
0 0 0 255
0 0 0 255
0 0 0 255
0 0 0 255
43 14 0 24
0 0 0 0
0 0 0 0
0 0 0 0
0 0 0 0
0 0 0 0
0 0 0 0
0 0 0 0
0 0 0 0
0 0 0 0
0 0 0 0
0 0 0 0
0 0 0 0
0 0 0 0
0 0 0 0
0 0 0 0
0 0 0 0
0 0 0 0
0 0 0 0
0 0 0 0
0 0 0 0
0 0 0 0
0 0 0 0
0 0 0 0
0 0 0 0
28 0 0 6
41 0 1 60
0 0 0 255
0 0 0 255
0 0 0 255
0 0 0 255
0 0 0 255
43 14 0 24
0 0 0 0
0 0 0 0
0 0 0 0
0 0 0 0
0 0 0 0
0 0 0 0
0 0 0 0
0 0 0 0
0 0 0 0
0 0 0 0
0 0 0 0
0 0 0 0
0 0 0 0
0 0 0 0
0 0 0 0
0 0 0 0
0 0 0 0
0 0 0 0
0 0 0 0
0 0 0 0
0 0 0 0
0 0 0 0
0 0 0 0
0 0 0 0
28 0 0 6
41 0 1 60
0 0 0 255
0 0 0 255
0 0 0 255
0 0 0 255
0 0 0 255
43 14 0 24
0 0 0 0
0 0 0 0
0 0 0 0
0 0 0 0
0 0 0 0
0 0 0 0
0 0 0 0
0 0 0 0
0 0 0 0
0 0 0 0
0 0 0 0
0 0 0 0
0 0 0 0
0 0 0 0
0 0 0 0
0 0 0 0
0 0 0 0
0 0 0 0
0 0 0 0
0 0 0 0
0 0 0 0
0 0 0 0
0 0 0 0
0 0 0 0
28 0 0 6
41 0 1 60
0 0 0 255
0 0 0 255
0 0 0 255
0 0 0 255
0 0 0 255
43 14 0 23
0 0 0 0
0 0 0 0
0 0 0 0
0 0 0 0
0 0 0 0
0 0 0 0
0 0 0 0
0 0 0 0
0 0 0 0
0 0 0 0
0 0 0 0
0 0 0 0
0 0 0 0
0 0 0 0
0 0 0 0
0 0 0 0
0 0 0 0
0 0 0 0
0 0 0 0
0 0 0 0
0 0 0 0
0 0 0 0
0 0 0 0
0 0 0 0
28 0 0 6
41 0 1 60
0 0 0 255
0 0 0 255
0 0 0 255
0 0 0 255
0 0 0 255
43 17 0 39
46 17 0 24
46 17 0 24
46 17 0 24
46 17 0 24
46 17 0 24
46 17 0 24
46 17 0 24
46 17 0 24
46 17 0 24
0 0 0 0
0 0 0 0
0 0 0 0
0 0 0 0
0 0 0 0
0 0 0 0
0 0 0 0
0 0 0 0
0 0 0 0
0 0 0 0
0 0 0 0
0 0 0 0
0 0 0 0
0 0 0 0
0 0 0 0
28 0 0 6
41 0 1 60
0 0 0 255
0 0 0 255
0 0 0 255
0 0 0 255
0 0 0 255
0 0 0 255
0 0 0 255
0 0 0 255
0 0 0 255
0 0 0 255
0 0 0 255
0 0 0 255
0 0 0 255
0 0 0 255
0 0 0 255
0 0 0 0
0 0 0 0
0 0 0 0
0 0 0 0
0 0 0 0
0 0 0 0
0 0 0 0
0 0 0 0
0 0 0 0
0 0 0 0
0 0 0 0
0 0 0 0
0 0 0 0
0 0 0 0
0 0 0 0
28 0 0 6
41 0 1 60
0 0 0 255
0 0 0 255
0 0 0 255
0 0 0 255
0 0 0 255
0 0 0 255
0 0 0 255
0 0 0 255
0 0 0 255
0 0 0 255
0 0 0 255
0 0 0 255
0 0 0 255
0 0 0 255
0 0 0 255
0 0 0 0
0 0 0 0
0 0 0 0
0 0 0 0
0 0 0 0
0 0 0 0
0 0 0 0
0 0 0 0
0 0 0 0
0 0 0 0
0 0 0 0
0 0 0 0
0 0 0 0
0 0 0 0
0 0 0 0
28 0 0 6
41 0 1 60
0 0 0 255
0 0 0 255
0 0 0 255
0 0 0 255
0 0 0 255
0 0 0 255
0 0 0 255
0 0 0 255
0 0 0 255
0 0 0 255
0 0 0 255
0 0 0 255
0 0 0 255
0 0 0 255
0 0 0 255
0 0 0 0
0 0 0 0
0 0 0 0
0 0 0 0
0 0 0 0
0 0 0 0
0 0 0 0
0 0 0 0
0 0 0 0
0 0 0 0
0 0 0 0
0 0 0 0
0 0 0 0
0 0 0 0
0 0 0 0
28 0 0 6
41 0 1 60
0 0 0 255
0 0 0 255
0 0 0 255
0 0 0 255
0 0 0 255
0 0 0 255
0 0 0 255
0 0 0 255
0 0 0 255
0 0 0 255
0 0 0 255
0 0 0 255
0 0 0 255
0 0 0 255
0 0 0 255
0 0 0 0
0 0 0 0
0 0 0 0
0 0 0 0
0 0 0 0
0 0 0 0
0 0 0 0
0 0 0 0
0 0 0 0
0 0 0 0
0 0 0 0
0 0 0 0
0 0 0 0
0 0 0 0
0 0 0 0
28 0 0 6
41 0 1 60
0 0 0 255
0 0 0 255
0 0 0 255
0 0 0 255
0 0 0 255
0 0 0 255
0 0 0 255
0 0 0 255
0 0 0 255
0 0 0 255
0 0 0 255
0 0 0 255
0 0 0 255
0 0 0 255
0 0 0 255
0 28 0 6
0 28 0 6
0 28 0 6
0 28 0 6
0 28 0 6
0 28 0 6
0 28 0 6
0 28 0 6
0 28 0 6
0 28 0 6
0 28 0 6
0 28 0 6
0 28 0 6
0 28 0 6
0 28 0 6
28 28 0 10
32 28 0 52
46 19 2 60
46 19 2 60
46 19 2 60
46 19 2 60
46 19 2 60
46 19 2 60
46 19 2 60
46 19 2 60
46 19 2 60
46 19 2 60
46 19 2 60
46 19 2 60
46 19 2 60
46 19 2 60
46 19 2 60
46 19 0 60
46 19 0 60
46 19 0 60
46 19 0 60
46 19 0 60
46 19 0 60
46 19 0 60
46 19 0 60
46 19 0 60
46 19 0 60
46 19 0 60
46 19 0 60
46 19 0 60
46 19 0 60
46 19 0 60
32 28 3 52
28 28 3 10
0 28 2 6
0 28 2 6
0 28 2 6
0 28 2 6
0 28 2 6
0 28 2 6
0 28 2 6
0 28 2 6
0 28 2 6
0 28 2 6
0 28 2 6
0 28 2 6
0 28 2 6
0 28 2 6
0 28 2 6
0 0 0 255
0 0 0 255
0 0 0 255
0 0 0 255
0 0 0 255
0 0 0 255
0 0 0 255
0 0 0 255
0 0 0 255
0 0 0 255
0 0 0 255
0 0 0 255
0 0 0 255
0 0 0 255
0 0 0 255
41 0 0 60
28 0 1 6
0 0 0 0
0 0 0 0
0 0 0 0
0 0 0 0
0 0 0 0
0 0 0 0
0 0 0 0
0 0 0 0
0 0 0 0
0 0 0 0
0 0 0 0
0 0 0 0
0 0 0 0
0 0 0 0
0 0 0 0
0 0 0 255
0 0 0 255
0 0 0 255
0 0 0 255
0 0 0 255
0 0 0 255
0 0 0 255
0 0 0 255
0 0 0 255
0 0 0 255
0 0 0 255
0 0 0 255
0 0 0 255
0 0 0 255
0 0 0 255
41 0 0 60
28 0 1 6
0 0 0 0
0 0 0 0
0 0 0 0
0 0 0 0
0 0 0 0
0 0 0 0
0 0 0 0
0 0 0 0
0 0 0 0
0 0 0 0
0 0 0 0
0 0 0 0
0 0 0 0
0 0 0 0
0 0 0 0
0 0 0 255
0 0 0 255
0 0 0 255
0 0 0 255
0 0 0 255
0 0 0 255
0 0 0 255
0 0 0 255
0 0 0 255
0 0 0 255
0 0 0 255
0 0 0 255
0 0 0 255
0 0 0 255
0 0 0 255
41 0 0 60
28 0 1 6
0 0 0 0
0 0 0 0
0 0 0 0
0 0 0 0
0 0 0 0
0 0 0 0
0 0 0 0
0 0 0 0
0 0 0 0
0 0 0 0
0 0 0 0
0 0 0 0
0 0 0 0
0 0 0 0
0 0 0 0
0 0 0 255
0 0 0 255
0 0 0 255
0 0 0 255
0 0 0 255
0 0 0 255
0 0 0 255
0 0 0 255
0 0 0 255
0 0 0 255
0 0 0 255
0 0 0 255
0 0 0 255
0 0 0 255
0 0 0 255
41 0 0 60
28 0 1 6
0 0 0 0
0 0 0 0
0 0 0 0
0 0 0 0
0 0 0 0
0 0 0 0
0 0 0 0
0 0 0 0
0 0 0 0
0 0 0 0
0 0 0 0
0 0 0 0
0 0 0 0
0 0 0 0
0 0 0 0
0 0 0 255
0 0 0 255
0 0 0 255
0 0 0 255
0 0 0 255
0 0 0 255
0 0 0 255
0 0 0 255
0 0 0 255
0 0 0 255
0 0 0 255
0 0 0 255
0 0 0 255
0 0 0 255
0 0 0 255
41 0 0 60
28 0 1 6
0 0 0 0
0 0 0 0
0 0 0 0
0 0 0 0
0 0 0 0
0 0 0 0
0 0 0 0
0 0 0 0
0 0 0 0
0 0 0 0
0 0 0 0
0 0 0 0
0 0 0 0
0 0 0 0
0 0 0 0
46 17 2 24
46 17 2 24
46 17 2 24
46 17 2 24
46 17 2 24
46 17 2 24
46 17 2 24
46 17 2 24
46 17 3 24
43 17 3 39
0 0 0 255
0 0 0 255
0 0 0 255
0 0 0 255
0 0 0 255
41 0 0 60
28 0 1 6
0 0 0 0
0 0 0 0
0 0 0 0
0 0 0 0
0 0 0 0
0 0 0 0
0 0 0 0
0 0 0 0
0 0 0 0
0 0 0 0
0 0 0 0
0 0 0 0
0 0 0 0
0 0 0 0
0 0 0 0
0 0 0 0
0 0 0 0
0 0 0 0
0 0 0 0
0 0 0 0
0 0 0 0
0 0 0 0
0 0 0 0
0 0 0 0
43 14 3 23
0 0 0 255
0 0 0 255
0 0 0 255
0 0 0 255
0 0 0 255
41 0 0 60
28 0 1 6
0 0 0 0
0 0 0 0
0 0 0 0
0 0 0 0
0 0 0 0
0 0 0 0
0 0 0 0
0 0 0 0
0 0 0 0
0 0 0 0
0 0 0 0
0 0 0 0
0 0 0 0
0 0 0 0
0 0 0 0
0 0 0 0
0 0 0 0
0 0 0 0
0 0 0 0
0 0 0 0
0 0 0 0
0 0 0 0
0 0 0 0
0 0 0 0
43 14 1 24
0 0 0 255
0 0 0 255
0 0 0 255
0 0 0 255
0 0 0 255
41 0 0 60
28 0 1 6
0 0 0 0
0 0 0 0
0 0 0 0
0 0 0 0
0 0 0 0
0 0 0 0
0 0 0 0
0 0 0 0
0 0 0 0
0 0 0 0
0 0 0 0
0 0 0 0
0 0 0 0
0 0 0 0
0 0 0 0
0 0 0 0
0 0 0 0
0 0 0 0
0 0 0 0
0 0 0 0
0 0 0 0
0 0 0 0
0 0 0 0
0 0 0 0
43 14 1 24
0 0 0 255
0 0 0 255
0 0 0 255
0 0 0 255
0 0 0 255
41 0 0 60
28 0 1 6
0 0 0 0
0 0 0 0
0 0 0 0
0 0 0 0
0 0 0 0
0 0 0 0
0 0 0 0
0 0 0 0
0 0 0 0
0 0 0 0
0 0 0 0
0 0 0 0
0 0 0 0
0 0 0 0
0 0 0 0
0 0 0 0
0 0 0 0
0 0 0 0
0 0 0 0
0 0 0 0
0 0 0 0
0 0 0 0
0 0 0 0
0 0 0 0
43 14 1 24
0 0 0 255
0 0 0 255
0 0 0 255
0 0 0 255
0 0 0 255
41 0 0 60
28 0 1 6
0 0 0 0
0 0 0 0
0 0 0 0
0 0 0 0
0 0 0 0
0 0 0 0
0 0 0 0
0 0 0 0
0 0 0 0
0 0 0 0
0 0 0 0
0 0 0 0
0 0 0 0
0 0 0 0
0 0 0 0
0 0 0 0
0 0 0 0
0 0 0 0
0 0 0 0
0 0 0 0
0 0 0 0
0 0 0 0
0 0 0 0
0 0 0 0
43 14 1 24
0 0 0 255
0 0 0 255
0 0 0 255
0 0 0 255
0 0 0 255
41 0 0 60
28 0 1 6
0 0 0 0
0 0 0 0
0 0 0 0
0 0 0 0
0 0 0 0
0 0 0 0
0 0 0 0
0 0 0 0
0 0 0 0
0 0 0 0
0 0 0 0
0 0 0 0
0 0 0 0
0 0 0 0
0 0 0 0
0 0 0 0
0 0 0 0
0 0 0 0
0 0 0 0
0 0 0 0
0 0 0 0
0 0 0 0
0 0 0 0
0 0 0 0
43 14 1 24
0 0 0 255
0 0 0 255
0 0 0 255
0 0 0 255
0 0 0 255
41 0 0 60
28 0 1 6
0 0 0 0
0 0 0 0
0 0 0 0
0 0 0 0
0 0 0 0
0 0 0 0
0 0 0 0
0 0 0 0
0 0 0 0
0 0 0 0
0 0 0 0
0 0 0 0
0 0 0 0
0 0 0 0
0 0 0 0
0 0 0 0
0 0 0 0
0 0 0 0
0 0 0 0
0 0 0 0
0 0 0 0
0 0 0 0
0 0 0 0
0 0 0 0
43 14 1 24
0 0 0 255
0 0 0 255
0 0 0 255
0 0 0 255
0 0 0 255
41 0 0 60
28 0 1 6
0 0 0 0
0 0 0 0
0 0 0 0
0 0 0 0
0 0 0 0
0 0 0 0
0 0 0 0
0 0 0 0
0 0 0 0
0 0 0 0
0 0 0 0
0 0 0 0
0 0 0 0
0 0 0 0
0 0 0 0
0 0 0 0
0 0 0 0
0 0 0 0
0 0 0 0
0 0 0 0
0 0 0 0
0 0 0 0
0 0 0 0
0 0 0 0
43 14 1 24
0 0 0 255
0 0 0 255
0 0 0 255
0 0 0 255
0 0 0 255
41 0 0 60
28 0 1 6
0 0 0 0
0 0 0 0
0 0 0 0
0 0 0 0
0 0 0 0
0 0 0 0
0 0 0 0
0 0 0 0
0 0 0 0
0 0 0 0
0 0 0 0
0 0 0 0
0 0 0 0
0 0 0 0
0 0 0 0
0 0 0 0
0 0 0 0
0 0 0 0
0 0 0 0
0 0 0 0
0 0 0 0
0 0 0 0
0 0 0 0
0 0 0 0
43 14 1 24
0 0 0 255
0 0 0 255
0 0 0 255
0 0 0 255
0 0 0 255
41 0 0 60
28 0 1 6
0 0 0 0
0 0 0 0
0 0 0 0
0 0 0 0
0 0 0 0
0 0 0 0
0 0 0 0
0 0 0 0
0 0 0 0
0 0 0 0
0 0 0 0
0 0 0 0
0 0 0 0
0 0 0 0
0 0 0 0
