256 64 256 4
26 20 1 17
24 26 0 17
21 26 1 15
21 26 1 14
25 27 3 17
28 16 1 15
21 26 0 18
26 27 3 17
27 27 3 17
23 20 2 11
19 0 0 8
6 10 1 43
18 13 2 41
24 2 3 35
21 18 0 58
9 5 1 58
0 1 0 1
0 1 0 8
3 1 0 15
5 1 0 23
7 1 0 7
25 28 1 11
10 0 1 5
19 2 0 9
11 0 1 5
11 1 0 8
11 0 0 4
10 26 3 19
23 1 0 18
4 27 3 75
24 7 2 51
17 26 3 57
17 2 3 101
20 2 2 102
0 9 3 17
10 0 2 119
19 7 0 52
9 3 0 12
25 20 0 3
14 20 3 10
14 20 2 11
25 21 1 5
25 20 0 3
11 1 1 -4
10 0 0 -5
21 23 3 4
1 8 0 -91
5 23 1 62
17 7 0 56
0 5 0 44
20 5 1 137
2 2 0 136
7 5 0 54
8 5 2 11
25 27 0 1
18 26 1 7
3 23 2 8
2 2 0 9
20 6 0 8
7 26 0 6
14 21 2 6
21 20 1 -2
24 5 1 12
12 7 3 6
27 16 3 140
1 8 0 46
6 25 3 154
5 7 0 50
6 23 2 142
9 7 0 6
6 24 3 6
13 13 0 -4
15 8 0 17
20 22 3 100
15 1 3 107
3 22 2 48
9 3 0 8
12 24 3 0
18 28 1 1
20 27 2 3
25 20 1 136
12 0 2 122
6 23 1 141
4 2 3 132
7 9 0 61
6 24 0 8
11 10 0 12
15 7 0 22
3 18 2 24
23 18 3 111
7 26 1 123
10 2 0 106
23 9 0 18
6 24 3 1
18 23 0 22
28 14 0 1
2 2 2 45
1 10 0 23
18 2 1 115
4 22 0 55
23 6 2 12
12 6 0 0
21 22 3 65
0 19 2 38
23 19 0 107
9 3 1 107
4 17 2 147
21 11 0 26
17 17 0 0
5 22 3 3
19 26 2 25
27 27 3 4
2 3 0 -24
20 3 3 66
1 12 0 28
5 13 0 1
7 24 3 3
4 21 3 -16
21 20 3 74
15 0 1 95
9 3 1 101
15 28 3 141
19 13 0 24
17 17 0 0
10 28 1 2
5 4 3 -86
10 26 2 12
12 24 3 9
0 19 2 24
1 18 2 24
1 9 3 8
5 16 0 22
3 8 2 -95
21 20 3 59
27 18 1 90
17 17 3 99
15 15 0 32
19 14 0 21
20 23 0 -5
19 17 0 0
19 17 3 8
21 21 3 0
28 14 2 5
23 28 0 4
2 18 0 11
23 21 1 99
28 14 3 112
24 19 3 116
20 28 0 45
14 11 0 -3
23 1 2 87
20 11 0 59
20 0 1 6
22 22 0 -5
9 25 1 0
21 18 0 6
23 20 2 1
0 16 2 -52
22 20 0 4
28 21 1 4
0 21 0 17
20 24 1 92
1 19 0 39
1 18 1 38
28 10 2 49
8 8 3 75
17 14 0 65
12 21 0 9
23 21 0 -5
8 24 0 0
28 9 3 -1
22 19 0 9
28 19 1 3
26 19 0 3
28 19 0 3
26 21 1 4
22 19 3 69
25 4 2 87
25 19 0 104
16 8 3 16
7 22 0 6
18 5 3 5
27 13 0 -1
10 25 2 0
8 24 0 0
21 1 2 -7
1 6 3 -89
22 19 0 3
28 27 3 3
28 26 1 2
25 26 1 2
24 25 2 3
1 19 2 4
28 14 3 87
15 8 3 17
5 22 0 3
22 23 0 -5
12 24 2 0
12 24 3 0
12 24 0 0
15 22 0 1
15 27 0 47
20 25 2 5
23 21 0 3
23 26 2 2
23 24 3 2
23 24 0 2
28 21 0 2
18 2 1 64
19 10 0 38
4 24 0 11
17 17 0 0
22 25 2 -5
22 27 2 -5
22 25 0 -5
12 23 3 1
7 9 3 2
5 23 0 72
20 25 0 2
28 26 0 3
24 23 2 3
22 24 0 2
25 21 0 2
23 23 3 2
4 2 1 63
14 3 3 140
5 2 1 57
4 27 0 40
5 27 0 10
16 17 2 1
12 24 1 1
13 26 0 9
14 10 3 61
21 20 0 77
20 28 0 5
23 24 0 3
25 27 1 3
28 26 1 2
24 28 1 2
23 25 2 2
13 0 3 152
11 1 3 149
21 23 2 154
1 16 1 79
6 18 2 47
16 28 0 -34
27 16 2 -4
14 27 0 28
14 9 3 41
15 10 3 0
13 28 1 0
28 21 0 2
12 24 0 8
22 25 1 1
1 8 2 -96
17 17 3 9
20 11 0 187
23 11 3 208
22 20 0 214
28 0 3 207
20 22 1 197
7 18 3 76
9 0 3 0
3 25 0 105
14 0 0 29
2 20 3 4
24 2 2 2
17 6 3 4
12 6 3 6
19 13 0 6
4 3 1 7
28 28 3 8
21 9 2 181
1 1 0 54
4 1 0 37
4 1 1 33
7 1 0 45
11 9 0 86
12 0 0 54
0 3 0 18
12 26 0 4
3 15 3 6
0 10 0 6
14 18 0 6
19 5 3 5
18 5 3 5
26 6 2 5
17 15 3 6
15 0 0 11
18 14 1 0
18 1 0 1
26 14 0 2
28 17 0 0
2 3 1 3
15 2 0 1
28 14 2 2
26 15 1 3
4 12 3 6
26 18 3 3
3 4 2 6
20 0 0 5
19 3 0 5
28 13 2 6
20 4 2 6
20 3 3 -1
2 14 3 3
24 3 1 0
1 11 3 4
25 16 3 1
16 5 0 1
17 1 3 2
14 6 0 3
6 11 2 5
26 1 3 2
21 5 0 3
5 5 0 6
27 19 3 4
23 1 3 4
20 2 0 5
21 3 0 5
19 4 3 0
23 3 0 -1
22 2 1 0
3 10 1 3
22 1 2 0
14 21 0 2
21 0 3 0
22 1 2 0
14 23 2 3
15 26 3 3
17 4 2 3
2 12 2 6
26 15 2 3
3 5 0 6
1 9 0 8
25 16 2 6
16 22 1 0
26 18 0 0
24 4 2 0
4 5 0 3
1 14 2 3
11 6 2 3
5 18 0 6
7 2 3 20
1 22 1 5
23 4 0 2
22 0 0 3
21 13 2 5
27 8 3 5
3 17 1 5
23 13 1 3
23 17 3 4
19 4 3 0
18 7 0 0
26 18 0 0
24 16 2 0
27 9 2 2
25 22 1 2
6 19 0 60
8 27 2 30
7 4 1 4
23 1 3 1
12 25 3 2
24 9 3 8
23 12 0 5
28 22 3 2
5 5 2 5
2 15 1 7
20 5 2 0
0 13 1 2
27 14 3 0
16 10 1 0
21 15 1 5
3 25 0 15
9 17 3 97
14 12 0 4
21 3 1 1
13 5 3 4
14 24 0 2
23 9 3 2
23 13 0 3
24 4 3 1
20 4 3 2
16 5 0 4
26 18 0 0
23 3 3 -1
1 16 1 2
14 21 2 1
1 26 0 4
5 24 0 24
8 27 2 15
1 9 0 4
27 11 0 3
27 4 3 2
23 14 3 4
22 13 2 3
2 13 3 5
22 19 1 2
15 23 1 4
13 25 3 3
21 2 3 0
19 7 1 0
24 2 2 -2
25 22 1 -2
28 28 1 39
24 21 3 140
11 18 0 4
3 4 2 3
9 5 2 4
26 18 3 3
10 8 2 6
4 16 3 7
16 2 2 3
23 4 3 3
2 10 3 7
8 9 0 6
25 5 0 0
15 20 3 1
12 5 1 1
1 27 0 10
8 15 0 57
8 26 2 6
15 15 1 4
13 19 0 3
1 18 1 4
21 3 0 3
1 8 2 7
11 5 2 7
26 19 1 3
15 25 2 4
27 14 2 5
17 16 2 6
23 0 2 0
27 10 3 0
26 23 1 0
6 15 0 60
6 25 0 47
9 26 2 1
11 26 2 2
24 4 2 1
25 5 2 1
26 4 1 2
24 4 2 3
21 15 1 6
23 20 0 7
16 21 0 4
27 13 0 5
6 6 0 8
21 1 2 -1
2 6 0 2
25 24 1 11
7 16 0 67
21 23 3 158
10 21 0 4
12 23 0 5
11 5 3 4
24 15 1 3
27 13 2 4
14 26 0 5
6 14 2 15
25 24 3 40
13 16 2 6
25 15 2 4
14 27 0 5
22 3 2 -1
11 8 0 0
2 27 0 17
8 16 0 71
20 16 0 190
10 26 0 5
23 10 0 6
24 3 2 2
17 3 2 4
17 2 2 4
17 2 0 6
21 8 2 6
0 25 2 12
25 25 0 23
16 18 0 3
25 5 3 3
19 22 0 0
25 25 1 40
3 23 0 60
5 27 0 33
11 23 0 203
9 26 0 24
24 11 0 4
9 5 1 5
19 4 0 3
22 19 1 3
23 3 1 4
16 20 2 8
28 16 0 5
11 18 1 4
13 15 2 4
17 25 0 3
1 25 1 6
2 3 1 47
6 25 2 -38
3 26 2 72
24 22 2 175
10 16 2 46
11 9 1 3
20 5 0 1
27 1 0 2
23 18 0 3
0 20 1 7
5 13 0 10
22 21 0 10
7 11 1 7
27 28 0 20
15 18 0 4
20 0 1 26
26 18 2 94
8 0 0 53
16 23 0 203
5 0 1 54
24 16 3 110
7 28 2 206
27 6 3 53
14 3 3 -7
11 28 0 32
17 12 3 133
20 6 3 1
15 28 0 -14
28 22 2 22
5 6 3 3
6 27 3 2
2 4 0 3
4 3 0 31
6 1 1 58
6 1 0 60
5 28 3 215
28 13 1 90
28 4 2 42
13 1 0 24
16 11 2 15
17 1 0 63
27 28 1 204
16 0 3 88
17 13 2 118
21 25 0 110
11 0 2 -2
4 4 3 -3
2 13 1 5
5 28 0 5
4 4 0 10
3 1 0 60
28 19 1 102
9 2 0 29
17 13 1 78
27 14 3 -95
9 28 0 23
9 5 1 53
9 5 0 94
9 5 3 80
21 7 3 63
23 9 2 4
24 12 3 62
27 9 2 12
1 18 3 4
12 17 2 5
1 22 0 5
2 4 0 4
6 4 0 15
11 3 0 -11
11 4 3 -5
26 2 1 -67
16 1 0 -4
14 3 0 75
21 2 1 3
27 6 2 39
25 10 3 55
21 2 0 40
28 15 2 104
21 11 3 94
10 12 2 5
0 25 1 4
10 14 3 5
10 13 0 6
8 9 0 6
26 26 1 0
18 7 1 13
21 12 1 -67
25 26 3 16
22 25 3 57
23 7 3 -24
20 28 3 74
13 9 0 168
25 11 2 66
27 25 1 221
21 12 1 96
5 19 0 3
5 17 1 2
0 20 2 3
2 8 1 3
5 12 2 3
14 13 0 5
18 24 3 5
10 10 2 12
11 8 0 6
18 9 0 9
27 19 0 31
28 19 0 62
20 10 2 94
24 16 0 123
27 9 0 60
27 15 1 73
15 21 3 3
0 8 3 4
11 20 0 3
3 21 2 2
6 16 3 1
0 6 2 3
15 20 3 3
6 7 0 4
27 12 0 -94
21 10 0 -50
28 19 0 10
28 18 0 50
23 11 0 51
25 11 0 48
13 12 1 173
19 21 2 170
10 20 3 3
1 18 0 4
4 15 1 4
1 18 1 5
7 13 0 4
18 22 1 3
0 7 1 3
3 16 3 2
6 22 1 3
19 16 0 5
21 14 0 11
26 13 0 23
5 0 2 -10
25 14 1 39
26 13 0 42
18 23 2 166
1 11 2 3
9 23 0 4
6 10 2 6
14 19 0 6
3 18 2 5
10 14 2 5
11 19 1 3
1 9 2 4
3 11 1 3
1 17 2 3
5 6 0 2
21 14 0 24
28 25 3 140
19 18 1 141
27 14 0 35
28 27 2 162
5 10 3 4
1 16 0 4
0 26 0 5
9 11 2 6
5 17 2 4
2 12 1 5
3 14 3 3
21 22 0 2
16 19 2 4
3 16 0 3
0 25 3 4
21 18 0 11
27 16 0 24
4 0 3 -18
27 16 0 34
19 21 0 152
0 12 1 5
0 9 2 5
0 14 2 5
15 17 3 6
13 13 3 7
4 9 3 6
5 15 1 3
0 11 2 5
1 17 1 4
0 8 1 4
10 10 2 5
0 18 2 5
28 0 3 12
24 17 0 25
27 16 0 23
28 15 2 40
15 19 0 5
1 22 2 5
13 18 0 5
5 23 0 4
6 17 3 4
3 12 1 6
2 10 1 6
15 22 3 5
1 7 2 4
1 10 2 4
1 28 2 4
4 9 1 5
7 8 0 6
21 17 0 6
27 19 0 15
27 1 2 38
11 13 0 4
1 8 1 5
1 7 1 4
4 28 3 3
6 18 3 3
5 10 1 6
4 28 1 6
3 8 3 5
1 7 1 4
22 21 2 4
10 11 3 6
4 25 3 6
23 23 0 4
6 19 0 1
27 23 0 8
16 24 3 -7
2 7 2 3
2 20 3 4
8 14 0 4
12 20 0 3
16 23 3 5
7 27 0 5
7 6 2 3
12 12 3 7
25 23 2 7
17 24 0 17
18 25 1 11
26 25 0 6
20 24 1 4
26 25 0 4
2 14 0 2
26 25 0 -7
3 10 3 4
5 15 2 4
3 25 0 5
10 16 0 4
8 10 2 5
10 18 3 6
19 28 1 50
5 3 3 45
15 27 0 5
16 28 0 39
16 2 3 66
27 15 3 -97
23 27 0 38
17 13 3 5
0 17 3 3
28 25 0 4
1 25 2 2
9 19 3 3
0 6 2 6
0 20 0 4
1 17 2 5
5 7 2 7
11 28 2 65
8 0 0 64
25 6 1 55
24 16 0 122
18 1 1 62
27 28 0 9
12 28 2 -52
21 11 1 -68
26 15 3 -99
28 28 0 5
16 13 2 15
25 22 1 -55
3 0 0 20
11 2 0 9
5 13 2 35
1 28 0 158
9 8 1 50
4 14 1 59
15 0 0 32
15 11 2 28
28 14 2 -58
24 3 0 -12
6 3 0 -24
5 9 0 -6
9 24 2 49
8 11 0 23
0 0 0 5
10 8 3 -22
8 25 2 42
0 25 2 135
1 26 2 145
0 28 2 155
11 1 0 41
13 1 0 48
9 2 3 59
17 2 2 16
2 27 0 6
13 22 0 -44
7 22 0 25
4 8 0 28
14 23 2 33
9 7 2 20
15 9 2 61
6 8 2 -16
10 7 3 3
5 3 0 35
26 4 0 69
10 3 0 39
9 1 0 47
13 3 0 47
4 0 3 72
17 3 0 3
12 28 0 -99
13 22 1 -16
6 8 2 -25
13 22 2 6
27 3 0 26
26 4 1 30
14 0 0 33
1 4 0 13
9 5 2 -12
2 16 1 -6
5 6 0 44
9 6 0 35
0 27 0 158
9 9 0 39
14 6 0 29
17 14 1 5
19 6 0 13
8 8 1 -16
28 5 1 4
9 5 2 -29
26 5 0 20
14 25 0 -20
1 11 0 56
1 7 0 24
12 22 0 15
8 6 0 21
5 1 0 55
9 7 0 44
10 3 1 40
7 7 3 31
14 7 0 5
16 13 1 3
26 27 2 -70
8 1 0 -11
28 25 1 -16
15 10 2 84
21 13 1 20
4 8 2 16
7 15 2 63
0 9 0 23
8 7 0 7
6 9 2 31
8 9 0 43
8 9 3 44
26 0 3 50
1 0 3 56
15 9 0 2
16 12 2 2
5 0 0 -8
0 28 0 98
25 6 3 43
15 11 0 95
2 15 3 -36
4 9 0 12
1 28 2 183
6 22 1 116
10 23 0 46
5 12 0 34
0 27 2 162
8 7 3 44
12 10 0 30
13 11 0 8
13 14 0 0
17 15 2 1
7 9 2 -23
20 11 1 23
1 15 3 -26
13 5 2 -13
23 16 3 28
6 5 2 19
8 8 2 58
7 28 1 105
27 11 0 75
9 7 1 37
12 0 2 33
0 9 2 22
15 10 0 7
15 13 0 0
15 14 0 0
11 16 1 0
4 1 2 1
13 1 1 -34
4 3 0 -1
1 25 0 102
3 15 0 -14
4 12 0 10
12 1 0 41
9 9 2 49
12 2 3 28
10 1 2 43
6 1 1 62
9 14 0 32
15 13 0 0
15 14 0 0
15 14 0 0
16 14 0 0
13 7 1 -21
8 9 1 -25
11 24 1 -19
0 11 3 -32
6 0 1 2
10 25 2 30
11 2 0 45
15 13 2 178
4 12 1 56
11 20 2 77
6 17 0 55
9 16 0 13
15 13 2 0
13 16 0 0
16 16 0 0
13 18 1 3
19 17 0 16
9 4 0 -23
7 10 1 -35
2 9 3 -34
12 1 1 -23
6 25 2 72
1 17 0 43
1 19 0 46
1 20 0 26
12 14 0 22
5 8 0 -58
4 26 0 50
4 17 2 -3
3 19 2 -10
17 20 0 -26
7 20 0 46
9 6 0 -9
14 23 1 6
27 2 2 25
25 20 0 5
1 16 3 -30
7 26 0 53
0 21 0 12
27 20 2 -40
16 25 0 -74
6 2 2 -59
7 20 0 33
11 21 0 18
4 11 0 15
15 25 1 13
14 21 0 28
5 5 2 12
1 23 2 110
8 6 0 34
26 4 2 78
4 14 1 13
26 21 0 22
24 4 0 41
0 28 2 5
28 6 2 -52
27 4 0 -40
5 7 0 -46
7 28 2 28
5 5 2 25
12 3 2 10
13 1 2 18
9 6 1 31
3 7 1 46
19 23 0 44
21 23 0 63
19 19 1 121
19 21 1 66
3 4 3 61
14 27 1 -7
1 28 0 1
9 7 3 -104
6 9 0 -91
6 25 0 3
27 8 0 24
7 1 0 5
6 10 0 23
21 11 1 78
12 22 0 63
12 22 1 53
20 7 2 114
27 4 1 122
23 23 3 59
22 3 1 135
23 19 0 126
14 11 2 146
15 13 1 1
0 28 0 4
5 8 0 -78
9 25 2 -29
6 11 0 -27
10 26 0 20
1 25 0 131
7 21 0 121
15 27 0 55
11 25 1 60
19 6 2 138
20 1 1 150
14 27 3 -6
25 28 0 48
1 25 2 228
19 7 1 160
15 13 2 0
0 28 2 2
5 27 2 -18
4 10 0 -40
2 15 1 -31
10 25 0 20
5 22 0 104
7 22 0 145
13 5 2 101
3 28 1 147
25 9 1 85
9 18 3 124
26 10 2 37
12 28 2 32
7 17 1 116
4 18 0 55
0 1 2 45
14 20 2 169
26 15 1 99
0 26 0 127
7 9 0 48
4 22 0 10
26 27 3 -77
23 16 0 66
25 24 0 7
24 17 2 0
19 0 0 43
4 15 1 6
9 19 2 6
24 0 0 19
6 1 2 25
6 17 2 51
15 20 0 177
12 21 1 173
28 17 1 96
5 0 0 34
8 0 0 14
14 20 0 0
20 18 0 0
23 27 0 36
14 2 2 10
7 12 3 60
0 26 3 104
21 0 0 18
23 0 0 4
25 2 0 65
9 0 0 60
1 3 3 -53
16 24 1 172
27 25 2 92
4 1 0 42
5 3 0 15
4 24 0 0
17 23 3 -1
21 15 0 5
24 25 0 41
3 8 1 55
2 23 3 87
27 21 2 41
20 2 0 33
21 24 0 18
26 2 0 28
27 11 3 -1
4 9 2 34
0 5 0 14
0 5 1 25
3 5 0 16
6 5 0 7
5 15 1 0
8 22 1 -1
11 3 0 9
17 15 0 107
15 5 0 11
5 8 3 55
14 20 3 98
26 13 0 62
1 19 3 52
25 24 2 9
28 17 2 19
1 2 3 -27
15 18 2 48
28 10 3 -27
28 7 0 -9
1 2 3 -42
4 0 2 -33
10 12 1 1
21 22 2 4
15 10 0 53
15 7 0 14
18 14 0 74
2 1 1 -27
23 26 3 21
26 5 3 -11
25 6 0 43
28 27 1 12
28 6 2 37
2 11 3 63
23 0 1 50
28 5 2 -8
16 11 1 28
22 26 3 -28
8 19 0 -1
11 4 2 7
24 10 3 32
16 10 3 31
28 10 1 0
18 10 0 30
15 11 0 35
24 15 0 -7
7 9 1 69
28 5 1 37
27 15 0 42
9 0 1 22
0 4 0 16
28 11 1 -32
5 11 0 19
6 19 0 -1
18 19 0 -1
10 11 0 6
25 21 2 -2
18 10 1 21
27 16 1 1
27 11 0 -13
27 12 1 -14
25 5 0 0
14 4 1 1
27 11 0 28
24 18 3 30
27 11 0 -63
4 13 1 1
0 14 0 3
2 14 0 1
18 20 2 -1
18 19 0 -1
11 12 0 0
0 18 2 32
18 12 1 18
17 12 0 1
4 12 0 2
0 16 2 1
23 23 2 -13
28 7 0 3
28 14 0 20
5 22 1 90
11 23 1 -1
15 23 0 -1
3 15 0 0
18 19 0 -1
7 5 1 0
9 15 0 11
14 19 0 0
9 3 3 1
22 10 1 -27
3 25 0 6
18 18 0 2
20 16 0 0
19 8 3 26
28 17 0 14
28 10 0 13
28 16 2 26
20 12 2 8
7 5 0 0
9 18 3 -1
5 17 0 27
6 3 0 2
18 17 0 1
5 27 0 1
1 25 3 -1
28 6 3 -59
10 19 3 1
18 20 2 1
10 4 0 1
13 18 1 97
25 16 3 17
1 15 1 88
2 0 3 -29
27 23 0 -5
4 0 0 -69
4 20 3 21
7 11 0 13
3 26 0 2
10 26 1 1
6 21 3 0
14 19 0 6
3 27 0 2
5 25 3 1
16 27 2 1
11 1 0 0
3 7 0 59
3 23 2 88
0 2 0 -46
13 20 1 87
2 2 0 -47
3 10 2 -8
4 21 0 21
2 28 0 5
17 19 0 2
14 23 3 1
11 20 0 2
14 21 0 1
17 21 1 2
12 27 2 1
17 23 0 1
21 21 0 7
17 7 2 52
24 28 0 28
19 8 3 23
1 15 0 83
0 22 0 0
26 8 2 -34
19 8 1 -52
13 22 0 1
18 21 0 2
15 25 2 2
11 25 0 2
5 27 3 2
14 23 0 1
14 26 0 1
18 24 0 1
12 2 0 2
28 27 2 57
25 24 0 28
27 24 1 28
27 23 0 25
27 13 3 -32
2 24 0 5
4 25 0 2
15 24 2 1
7 24 0 1
14 24 3 1
18 19 0 2
6 27 3 2
18 24 1 2
9 28 1 1
18 24 0 1
22 22 0 15
11 16 2 133
25 27 0 28
27 28 3 26
26 27 3 22
2 23 0 14
3 26 0 5
16 22 2 2
15 28 0 1
12 24 2 0
11 26 0 1
7 25 1 2
9 27 1 1
12 27 2 1
7 25 1 1
20 16 0 0
8 8 3 83
16 17 0 131
26 24 0 28
12 22 2 106
17 17 3 105
1 27 0 9
3 27 0 4
18 20 2 2
8 24 3 1
8 23 0 1
18 19 0 2
18 19 0 2
12 25 2 1
6 24 2 1
16 22 3 1
19 26 0 0
15 0 1 41
4 8 3 77
0 2 2 -18
16 21 2 109
13 20 3 111
0 2 1 12
2 12 0 -24
8 7 3 -57
14 22 1 48
5 3 2 50
5 1 0 65
13 2 0 16
23 10 3 -11
19 3 2 0
19 12 1 3
19 10 2 3
20 1 0 4
4 16 2 -66
22 11 3 5
7 17 1 -103
21 17 2 2
1 3 0 7
27 28 0 33
2 9 1 -33
14 25 1 82
8 2 2 58
10 1 0 64
8 2 2 51
25 7 0 -19
16 1 0 3
19 18 2 5
18 8 2 3
20 2 0 6
24 10 2 25
22 1 1 18
9 17 1 -104
20 8 3 0
9 16 3 -13
22 12 2 98
2 3 0 46
3 3 1 48
25 12 2 106
22 28 0 74
10 8 3 16
13 14 3 34
27 6 0 1
21 16 0 3
17 20 2 9
20 6 0 6
26 8 1 64
25 4 0 53
22 13 3 4
21 20 3 4
1 25 0 23
24 23 2 120
4 17 0 41
5 9 0 33
7 5 0 33
2 10 2 103
11 7 2 59
2 14 3 65
27 8 2 9
18 13 2 5
19 11 3 5
2 18 0 -68
13 28 1 103
13 19 2 120
28 6 0 12
26 17 3 1
7 18 3 6
7 5 0 19
3 10 2 61
4 15 3 42
7 6 0 40
3 10 1 99
11 7 0 49
7 11 2 46
27 6 2 -3
17 0 2 6
19 10 0 5
21 10 0 8
23 7 0 49
11 20 1 115
27 6 0 22
18 15 3 5
7 18 1 4
11 6 1 20
5 26 2 67
5 15 1 24
11 8 1 22
24 25 2 148
4 26 3 45
7 26 3 29
14 27 2 20
18 5 2 3
19 9 0 4
20 3 2 6
23 8 0 14
24 28 3 143
27 8 0 36
18 21 3 10
2 15 0 25
23 12 0 118
3 11 0 37
13 18 2 39
26 14 2 124
0 15 2 66
17 17 3 147
7 26 2 31
23 4 3 -17
18 19 0 6
19 11 2 4
20 0 2 5
24 12 0 13
20 26 2 34
7 9 1 -66
26 17 3 7
2 25 2 16
13 13 1 13
20 4 2 124
28 13 3 143
22 26 1 145
7 22 1 39
11 24 1 37
11 19 1 31
23 4 1 -15
17 3 2 2
19 14 1 4
19 3 2 3
24 14 0 5
25 14 0 9
21 23 1 23
25 16 1 10
7 19 3 -11
26 15 0 104
1 16 0 45
2 8 2 48
4 21 1 77
13 16 2 44
21 13 3 147
0 15 3 61
14 25 0 22
17 19 0 4
20 14 0 3
18 7 1 2
18 7 2 4
25 17 0 5
22 14 0 9
18 9 2 10
0 17 0 27
21 23 0 112
2 19 0 42
5 17 0 44
8 13 2 47
18 9 1 147
23 22 2 155
11 28 0 32
15 5 0 12
18 2 2 0
20 15 0 2
22 18 2 3
20 15 0 5
19 14 0 5
27 17 0 6
25 16 1 9
1 25 2 14
1 18 0 24
2 18 0 48
10 22 3 46
11 15 0 48
23 15 0 146
27 17 2 154
4 21 1 38
22 7 1 -6
23 15 0 -2
19 9 2 0
21 18 0 3
22 17 0 4
19 10 1 4
19 23 2 13
27 16 2 6
12 16 3 -20
2 28 0 4
0 23 2 56
26 13 0 142
26 13 1 142
28 2 1 146
26 13 1 141
0 27 3 54
28 8 2 7
18 17 0 0
18 18 0 2
18 13 0 2
28 15 2 -1
19 23 1 10
19 24 0 12
21 23 1 9
26 22 2 95
3 25 0 10
3 27 0 25
10 19 2 33
10 17 0 39
10 21 0 46
1 13 3 61
1 20 3 64
28 8 2 0
19 0 2 -4
20 15 1 -2
18 24 0 5
19 24 1 6
26 22 1 0
26 23 0 1
7 9 2 -96
20 9 2 100
0 19 2 45
3 26 0 35
3 24 0 50
12 24 3 41
7 25 2 39
26 23 3 155
6 7 2 36
16 23 0 2
19 8 0 -8
20 16 0 -6
23 14 2 -7
25 13 2 -9
24 25 1 0
23 11 2 -8
13 6 3 -55
1 16 2 31
20 1 2 122
3 26 0 43
9 28 0 40
5 24 1 43
10 19 0 39
8 27 1 45
12 27 0 30
20 8 1 -6
17 17 3 -2
19 27 0 1
22 27 0 10
23 28 0 0
20 28 1 12
16 27 2 24
25 28 3 16
8 11 0 14
0 28 0 42
9 11 0 44
3 28 0 50
26 19 3 146
12 16 3 47
20 0 3 155
13 27 0 21
21 15 0 -5
18 28 0 14
1 4 0 -4
9 8 2 -19
24 12 2 88
2 12 3 13
25 28 0 32
26 0 0 4
2 2 0 2
2 1 0 4
5 1 1 5
14 16 3 5
5 2 3 5
18 15 0 10
11 0 0 56
25 19 1 221
3 14 1 91
2 24 2 118
27 7 0 36
22 2 3 10
11 5 1 1
12 5 0 3
7 0 1 2
10 6 2 2
12 14 2 2
4 4 2 4
5 6 0 5
15 7 3 3
4 8 0 6
18 26 2 3
28 22 2 97
13 0 0 45
19 2 0 38
25 28 0 48
21 10 3 14
20 5 2 12
7 9 1 3
2 3 0 5
0 8 3 6
18 15 0 2
6 8 1 2
13 8 3 0
0 2 0 5
17 13 2 3
15 18 0 4
18 14 2 9
21 17 0 25
1 20 3 16
13 6 0 14
17 4 0 9
16 5 0 5
16 24 0 -1
15 16 0 2
27 9 3 6
27 9 2 16
23 26 0 -71
1 1 2 1
4 0 3 1
2 7 1 4
6 6 0 4
1 2 2 5
21 7 1 7
14 5 0 5
8 4 0 10
15 5 0 5
27 0 0 5
24 19 0 5
19 10 3 2
28 0 0 2
25 6 0 35
7 15 0 75
4 24 3 -32
0 3 2 2
5 7 0 3
3 3 0 3
8 10 2 3
2 7 0 5
3 1 0 6
2 2 2 8
9 6 1 5
3 3 1 6
12 11 3 5
1 10 1 6
0 1 3 3
23 4 0 4
11 27 1 75
25 6 3 53
19 17 0 8
6 5 1 0
15 8 1 0
6 5 1 2
15 16 0 2
2 5 2 4
12 15 0 6
16 16 0 6
16 7 0 6
12 16 1 7
11 6 1 1
6 9 2 5
17 13 0 2
23 8 0 19
24 24 2 114
27 9 0 8
14 11 0 4
12 18 3 4
0 10 0 1
3 10 0 3
20 20 0 0
12 20 0 5
12 14 2 5
12 12 1 5
12 12 1 5
5 1 2 4
3 5 2 4
17 19 0 4
22 9 0 14
13 0 3 54
4 16 1 11
17 15 3 3
28 12 0 2
19 21 0 0
2 13 0 23
3 13 0 44
2 23 0 109
27 4 0 13
12 18 0 2
0 1 0 4
1 3 2 5
15 15 2 4
13 12 0 5
27 12 3 5
5 16 2 14
14 0 0 37
22 8 3 11
0 7 3 5
22 1 0 -5
21 8 2 9
12 4 1 1
26 12 1 21
6 17 0 62
11 28 0 49
22 7 1 -1
16 16 0 3
4 0 0 4
5 7 0 5
10 11 2 6
2 16 2 9
18 1 1 38
26 11 0 20
7 3 1 5
12 8 3 0
25 12 3 5
15 16 3 9
26 17 2 6
23 26 0 -61
4 15 0 42
17 25 1 181
12 25 0 10
12 16 0 2
17 11 2 3
15 18 0 4
27 0 1 6
10 4 0 8
21 17 1 6
10 4 1 0
14 11 3 4
26 17 0 3
24 7 2 -5
8 6 1 7
15 17 1 4
19 23 2 -1
5 19 0 3
3 24 0 108
25 7 1 23
2 9 0 0
2 0 0 1
1 1 0 3
13 19 1 6
12 7 0 0
12 7 1 0
6 6 0 4
17 7 3 7
15 5 0 -8
27 1 3 -6
10 4 2 0
1 21 0 6
4 28 2 -4
17 25 1 56
6 18 0 69
7 23 0 75
11 18 0 0
16 10 1 -1
18 17 2 2
21 17 3 8
19 21 0 7
5 12 0 -2
25 2 1 0
15 4 0 -9
22 7 0 -6
1 22 0 11
1 24 0 -23
24 26 0 -5
3 26 0 35
21 17 1 55
11 0 0 55
7 28 0 107
24 6 1 16
16 4 3 0
15 23 0 16
18 14 3 14
21 27 0 -15
19 3 3 80
24 25 0 17
25 23 0 31
27 22 0 6
21 24 0 24
19 17 2 87
18 23 2 81
25 19 2 136
2 24 0 -14
23 8 2 57
19 28 3 141
25 6 1 48
22 2 3 4
16 21 3 15
27 12 3 12
22 24 2 -25
21 24 2 29
23 17 3 111
17 21 0 130
26 25 0 36
18 28 0 51
12 2 0 -15
1 27 0 36
26 26 3 63
20 26 0 15
19 13 2 60
3 19 2 153
10 27 0 66
13 25 0 9
7 13 0 6
19 27 0 -17
26 19 3 52
20 28 0 33
22 24 0 58
25 19 3 160
24 26 3 43
0 14 1 106
22 7 3 -3
21 17 0 11
12 3 1 16
2 24 0 -7
17 25 3 67
8 27 0 71
18 27 0 179
13 28 0 60
27 22 3 26
27 25 0 -22
18 27 0 22
21 28 0 31
25 23 2 41
4 11 3 15
0 24 2 -18
19 5 2 73
0 6 2 0
1 9 2 1
2 0 0 9
6 0 0 7
2 5 2 86
14 0 0 -55
3 2 2 136
22 23 2 62
2 10 3 228
7 21 3 148
11 21 0 58
27 7 1 83
23 6 1 62
15 14 3 12
24 2 3 -1
3 23 1 7
2 5 3 1
1 9 0 1
3 7 2 4
6 1 0 7
2 5 0 88
3 8 2 115
11 1 0 33
20 18 0 68
2 10 3 233
7 19 1 143
25 16 1 -26
13 9 1 -14
25 10 3 12
5 20 2 28
4 5 2 31
26 16 0 -65
2 4 3 1
1 9 2 1
21 18 2 -150
7 2 2 -12
9 0 0 5
3 9 2 113
11 3 0 50
2 9 2 231
21 18 3 65
11 0 3 43
18 20 3 -9
8 16 3 26
7 13 0 18
25 3 0 22
28 13 0 51
19 18 2 -56
3 7 3 -1
1 0 0 0
20 18 2 -145
13 18 0 -75
4 10 0 82
23 14 3 -30
5 6 0 137
10 24 0 164
21 18 1 66
11 2 1 32
19 20 0 -9
22 3 0 7
24 4 0 59
25 13 2 69
24 3 3 45
21 23 2 -47
2 6 1 0
1 9 0 0
2 6 0 6
8 0 2 -30
18 22 0 -61
21 24 0 -31
17 23 0 25
13 7 0 48
14 3 1 60
14 8 3 42
21 7 3 -5
5 28 1 36
27 15 2 47
25 8 0 9
8 6 2 1
9 0 2 20
0 0 2 0
1 10 2 1
2 10 0 6
5 9 0 10
22 21 0 -113
4 9 0 64
14 20 0 -7
8 20 0 134
16 19 1 77
20 10 3 39
6 27 1 52
13 2 0 54
24 8 0 -5
7 0 2 -25
19 18 2 -80
6 4 0 54
1 14 1 0
1 12 0 1
2 12 0 5
5 12 0 7
15 26 0 -51
18 26 0 -51
18 28 1 9
21 27 0 4
26 12 2 13
27 11 2 19
19 12 0 50
20 0 2 118
24 11 1 34
24 3 1 18
7 6 0 -9
6 9 0 65
4 20 0 1
1 13 0 0
6 14 0 1
25 22 0 -168
24 21 1 -169
8 13 0 3
25 12 1 7
15 13 1 -7
22 6 0 -7
17 16 1 26
23 14 1 62
1 7 3 224
22 23 3 50
17 15 2 71
26 13 0 47
27 10 0 22
7 18 3 16
4 15 0 0
1 14 0 0
5 15 0 0
4 19 1 0
17 8 3 -32
15 19 0 12
11 11 2 113
2 20 0 130
7 24 2 133
24 16 3 47
10 22 1 141
22 15 0 43
22 22 2 58
4 19 3 230
23 9 2 39
7 18 1 22
1 14 0 0
1 15 0 0
1 15 0 0
0 15 1 0
6 5 0 65
3 5 0 133
9 0 0 106
26 16 1 37
16 17 1 50
20 20 2 47
2 10 2 222
24 20 2 55
5 14 3 228
3 14 2 230
28 23 0 39
15 7 0 -144
0 8 2 0
1 15 0 0
1 15 0 0
0 16 1 3
2 6 0 103
10 20 0 49
6 8 0 146
25 23 1 32
22 19 0 30
21 19 0 46
2 9 0 223
26 22 0 64
25 19 0 60
26 20 3 57
28 23 0 22
24 25 2 -51
1 21 0 22
3 21 0 2
1 17 0 0
0 16 3 0
18 20 0 -52
3 8 0 107
10 23 0 92
17 19 0 24
21 20 0 18
20 20 0 43
21 20 0 53
24 22 0 59
1 13 1 231
0 11 2 231
23 9 0 0
22 18 0 -55
20 19 3 -44
6 9 3 62
10 27 3 2
6 19 2 2
17 20 0 -60
21 21 0 -64
6 10 0 108
16 22 0 25
22 21 0 -3
17 20 0 36
21 22 0 47
23 20 0 53
24 22 1 57
3 12 0 227
8 14 3 3
2 4 0 118
7 12 2 123
3 25 0 34
10 7 3 -16
6 17 1 2
10 25 0 8
19 19 0 -67
16 22 0 -20
5 11 0 113
16 22 0 16
15 20 0 16
10 19 0 91
14 28 0 156
14 28 1 155
27 14 2 21
23 4 0 0
20 20 2 -40
1 27 0 54
26 23 2 53
5 26 0 58
10 2 1 -83
5 9 0 -6
11 27 0 13
21 17 2 -85
16 21 0 -46
14 28 0 50
17 27 0 32
19 28 0 66
24 26 0 4
25 26 0 -5
26 14 2 -30
24 3 3 -1
3 20 3 87
10 14 2 88
22 19 0 61
19 13 1 62
8 21 3 16
1 6 0 0
19 21 0 -123
24 24 0 -110
14 28 0 1
15 28 1 -2
7 12 1 25
14 27 1 -31
22 15 3 -136
17 28 0 1
4 21 2 14
4 15 1 9
14 27 0 5
17 2 0 3
10 6 3 1
1 27 1 3
6 0 3 1
6 7 0 0
8 7 0 1
11 2 3 1
4 4 3 0
15 1 0 1
16 20 2 2
20 13 0 39
27 12 3 36
24 7 2 28
28 15 0 18
24 1 3 33
2 5 3 4
7 3 0 3
3 1 0 2
4 1 0 1
2 28 0 3
13 5 3 1
0 6 3 1
13 4 0 1
5 0 2 1
16 2 1 1
18 7 0 4
20 15 0 34
24 0 0 33
25 4 0 26
21 27 2 26
25 23 0 34
11 11 0 5
15 5 2 5
5 1 0 3
12 9 2 3
6 3 0 1
6 3 1 1
2 5 2 2
13 4 0 1
6 0 0 1
4 3 2 0
19 0 0 0
14 22 1 90
22 18 0 38
7 24 2 113
22 25 1 32
25 25 0 36
10 0 3 3
1 3 1 1
15 5 1 4
6 6 3 3
12 3 2 2
9 6 0 1
10 2 3 3
9 9 0 1
5 0 2 1
0 10 2 0
17 20 0 2
20 12 2 50
25 16 3 31
24 17 0 29
6 12 2 116
28 7 2 36
4 7 0 1
11 11 1 3
0 7 0 2
13 3 1 3
15 9 0 4
11 8 2 1
15 2 0 2
6 0 0 1
11 1 2 0
4 0 2 -1
17 22 0 5
20 19 0 47
28 8 1 24
28 26 2 16
28 8 2 25
24 13 2 49
0 8 1 1
0 11 0 1
9 8 3 1
8 11 1 2
3 27 2 4
8 4 3 1
8 4 0 1
0 12 2 0
16 3 0 0
4 0 2 -1
21 2 0 -25
21 11 0 48
12 12 3 112
12 12 0 111
25 17 0 32
24 14 0 48
3 27 3 4
7 0 0 2
1 16 0 0
5 10 0 1
16 1 1 2
14 0 0 1
4 1 2 0
5 0 2 0
14 8 2 0
13 6 2 -1
18 23 0 5
22 5 2 33
2 10 3 110
23 15 1 27
27 10 2 33
24 23 0 45
6 0 0 2
10 8 2 2
3 16 2 2
17 5 2 0
16 6 1 2
16 6 0 2
8 6 2 -1
14 12 0 1
12 26 2 5
6 24 3 0
18 2 0 61
20 27 0 39
5 14 1 112
4 14 1 114
28 26 2 25
28 9 2 37
13 0 3 2
12 8 1 2
3 14 2 2
3 3 2 -2
14 27 3 0
5 17 0 8
8 15 3 4
9 23 0 0
5 16 3 3
17 11 0 1
23 7 3 -15
21 16 0 34
28 25 0 11
28 1 0 26
28 27 1 24
26 16 0 43
11 0 3 2
16 3 2 2
16 7 0 2
5 16 0 5
15 17 2 9
14 25 3 0
15 14 0 21
12 20 1 2
15 17 0 2
15 28 0 7
19 28 2 8
21 19 0 29
26 1 0 28
28 6 0 23
10 13 0 123
25 27 2 40
12 10 0 2
2 7 0 0
17 6 0 1
23 3 0 -78
6 23 2 0
12 20 2 5
13 25 2 18
14 13 0 2
3 22 2 0
19 5 0 1
19 19 0 22
9 25 3 115
26 27 1 14
26 14 0 32
25 9 0 42
27 24 0 35
0 21 0 2
1 25 3 2
7 16 3 2
9 26 1 0
18 8 0 3
18 3 1 8
23 9 1 -45
14 23 0 8
7 23 3 0
16 28 0 10
19 19 0 26
28 2 3 30
25 8 0 30
25 18 2 34
25 9 0 43
28 18 2 36
0 7 0 1
6 2 2 1
3 25 0 2
0 0 0 -1
24 0 1 -82
22 10 3 -79
20 28 2 -47
5 16 0 39
18 7 3 8
20 2 0 1
20 13 2 28
23 11 0 31
28 19 0 13
26 15 0 37
9 13 2 127
7 24 0 132
4 7 0 -1
0 19 0 0
16 8 0 1
7 13 0 0
3 24 0 1
17 7 2 4
12 26 0 8
13 25 0 10
13 26 1 4
17 27 0 18
20 13 0 26
26 9 3 29
22 24 1 29
14 17 0 122
27 16 0 38
7 24 3 132
7 5 2 -2
0 8 1 -2
5 0 1 -1
10 12 3 1
1 22 0 1
10 13 3 1
26 3 2 -79
8 28 3 1
4 27 1 0
17 28 0 26
20 14 2 26
27 12 3 25
26 20 0 23
28 24 1 28
26 7 0 46
26 17 1 44
0 24 3 0
1 0 0 -3
16 8 1 0
3 0 3 -1
16 6 1 1
10 24 0 -1
24 0 0 -82
15 12 1 3
24 9 3 -81
21 18 0 0
19 27 2 19
27 12 1 29
28 9 2 24
11 12 0 127
7 14 0 130
27 12 3 44
21 12 3 63
17 22 1 115
22 23 1 129
16 22 1 133
13 28 1 155
2 2 0 47
2 3 3 46
11 5 0 1
10 10 3 0
14 16 2 40
15 16 2 59
20 17 0 73
18 4 1 59
26 20 2 106
6 12 3 94
12 1 2 42
2 6 0 16
16 28 2 132
3 9 3 42
19 15 0 89
5 2 3 38
0 11 2 50
10 3 0 48
1 11 3 -109
16 0 0 6
5 9 3 -18
19 1 0 31
21 1 0 27
22 1 0 40
22 1 0 67
27 1 0 28
12 4 3 60
2 6 0 21
1 2 0 42
19 13 3 93
5 1 3 38
6 0 3 39
9 2 2 43
11 2 0 27
9 28 3 0
5 14 3 0
22 22 2 77
3 15 2 0
23 20 2 47
0 4 0 -1
12 24 2 124
26 0 2 41
10 7 2 18
6 6 3 25
2 26 1 70
15 20 1 124
5 5 2 41
4 2 0 39
7 7 0 43
11 5 0 5
9 12 3 2
17 1 0 44
7 5 3 8
15 16 1 63
5 4 0 -13
16 21 0 73
20 19 1 35
26 5 1 5
28 5 0 16
24 12 2 82
5 4 2 38
21 24 0 136
5 7 0 40
21 26 3 123
7 11 0 41
10 12 0 2
7 14 3 1
1 23 3 44
20 19 1 57
28 22 0 58
23 6 3 26
23 6 0 24
21 21 3 58
18 17 2 27
7 6 3 -18
14 28 0 142
6 5 0 38
19 15 2 90
24 17 0 94
6 9 0 32
8 11 0 14
7 4 1 -115
7 25 3 28
16 4 3 36
12 25 1 80
18 12 3 24
27 17 1 31
23 9 0 20
25 9 0 17
23 27 1 60
1 20 3 -3
26 14 2 81
10 24 0 150
3 11 0 41
4 9 0 28
6 12 0 25
8 14 0 2
11 21 2 0
6 20 1 9
16 28 1 61
2 16 3 -18
23 15 0 21
0 17 3 -15
5 2 3 -36
21 7 2 15
5 5 2 -22
5 9 3 -6
27 10 2 80
24 18 1 97
14 10 1 99
3 15 0 29
5 14 0 -7
11 16 1 3
11 19 2 0
28 12 0 -25
13 24 2 58
4 1 3 -36
18 14 0 21
28 12 1 9
18 15 0 17
23 22 1 57
4 10 1 -22
14 27 0 102
8 3 0 21
19 24 2 114
14 20 1 109
14 24 1 91
12 17 1 42
11 19 1 2
11 19 2 1
27 26 2 15
5 28 1 10
21 6 2 12
3 1 0 -20
25 24 3 61
11 25 0 81
28 22 0 49
22 25 1 68
20 13 3 35
5 5 2 21
22 15 1 66
16 14 3 69
13 23 1 78
12 18 1 37
11 19 1 1
26 24 2 -18
26 25 0 15
13 25 0 53
25 19 0 29
19 28 0 63
23 23 0 64
3 3 3 -36
24 17 1 19
22 18 1 26
2 15 0 -18
16 22 2 107
20 24 2 98
13 22 1 100
4 27 2 11
6 19 0 1
11 20 1 0
13 26 0 1
3 27 3 -42
21 26 2 16
26 16 0 -15
19 19 0 12
24 21 0 36
23 19 0 22
27 19 1 18
27 19 0 19
20 21 1 40
26 22 1 101
23 21 3 93
6 23 2 61
2 2 1 -35
6 22 0 2
9 28 2 1
13 28 0 0
13 20 0 6
1 27 1 -42
0 0 3 -71
23 22 1 1
18 14 2 -23
1 15 0 -62
28 10 2 -26
25 18 1 -7
20 24 2 26
17 28 1 102
18 3 3 44
13 19 1 86
9 0 1 -39
6 21 0 7
11 23 1 1
10 28 1 1
1 0 2 -88
20 11 0 -20
27 12 3 -37
10 23 2 22
0 11 0 -79
22 15 0 -32
19 23 2 9
0 11 2 -70
6 6 0 -72
25 24 1 88
24 14 0 51
2 21 0 18
16 22 0 56
6 27 0 4
10 24 0 1
10 26 1 0
14 27 0 1
26 22 0 0
24 24 2 19
0 4 1 -76
2 25 1 -42
0 4 3 -76
8 1 0 -91
1 2 0 -66
18 24 0 24
0 0 3 11
3 9 2 -4
14 27 3 99
27 15 3 19
7 25 0 14
10 26 0 1
10 26 1 0
12 26 0 1
12 26 0 11
15 25 0 13
27 23 3 14
23 24 3 16
1 0 1 -69
8 0 2 -93
28 13 0 -27
13 27 1 47
11 20 1 105
1 19 3 24
13 23 3 99
23 26 0 65
7 28 0 9
10 26 0 0
10 26 0 0
10 26 1 0
16 22 3 -18
12 25 0 14
3 16 1 -54
20 24 3 13
1 22 0 -48
21 15 0 -36
16 26 0 21
5 7 2 -64
24 16 3 -62
19 25 0 -41
6 13 0 -85
17 10 0 36
14 22 0 68
4 0 2 94
18 25 3 181
28 0 1 136
11 10 0 1
8 11 3 -58
18 5 3 -16
17 4 0 -3
18 25 0 -34
15 27 2 -13
19 11 2 -27
26 17 2 9
10 10 0 2
22 15 3 -58
6 13 2 -75
10 2 2 -9
8 19 3 38
3 16 0 60
4 18 0 131
8 14 1 29
10 10 0 55
12 16 1 0
19 5 2 35
12 19 2 -21
24 0 0 3
25 2 0 1
14 9 2 30
26 11 2 -57
0 1 3 14
9 4 1 0
25 14 2 -32
6 12 3 -26
15 6 2 64
24 4 1 121
9 11 3 33
13 2 0 40
0 0 2 56
12 18 3 84
1 3 2 61
0 0 2 6
28 19 2 -43
2 8 2 -36
0 19 2 15
9 28 3 58
22 6 0 20
27 10 1 -64
21 5 0 22
11 17 1 27
22 5 3 81
11 5 0 35
9 4 1 20
7 10 3 -23
15 5 0 41
20 4 0 38
12 4 2 -37
28 8 0 -72
28 8 1 -56
9 15 2 -87
27 17 2 -4
19 16 0 65
16 23 2 67
9 23 2 44
28 20 2 24
0 7 3 33
21 15 0 57
14 0 0 -1
23 16 3 -57
9 23 1 -26
24 18 2 -15
2 16 2 5
10 14 3 -45
28 11 1 -53
21 7 1 36
2 8 0 41
9 20 3 47
0 12 3 42
27 25 0 45
22 17 0 50
25 25 1 68
14 24 0 88
23 9 0 36
22 15 3 79
11 10 0 -3
9 28 1 -7
15 25 2 31
0 15 2 18
10 24 1 64
27 20 2 57
23 8 0 51
7 16 2 45
26 9 0 48
28 9 0 44
0 15 3 32
18 18 0 73
6 24 3 48
2 17 2 46
28 0 0 152
28 12 2 63
11 11 0 60
15 9 0 -7
20 17 0 17
18 28 1 45
1 17 0 34
16 20 2 104
10 1 0 39
9 24 1 172
18 24 1 195
19 26 3 190
18 27 1 67
7 28 1 47
2 21 2 52
25 13 2 17
14 9 2 183
20 26 0 193
7 12 1 65
0 16 2 -26
4 7 3 -25
0 21 0 17
26 19 0 10
19 14 0 67
26 1 2 138
23 2 2 198
18 28 1 192
28 13 0 47
19 28 1 49
19 17 2 56
2 23 2 80
8 14 0 22
9 15 1 37
27 5 2 136
23 2 3 194
13 17 2 0
20 23 3 0
4 22 0 -18
2 20 0 2
24 1 2 74
24 16 0 27
8 16 0 17
10 17 1 53
2 17 1 65
17 13 0 23
23 26 0 51
22 16 0 48
0 26 0 89
24 2 2 105
23 8 2 44
10 18 0 55
13 18 0 9
25 28 0 -15
20 20 2 4
19 17 0 14
23 18 0 16
13 27 0 66
19 20 0 61
20 17 0 71
25 26 1 81
17 17 2 27
1 26 0 52
0 24 0 61
5 20 0 29
6 19 0 22
16 14 0 65
12 1 0 -53
16 9 1 -6
20 26 0 -6
27 22 0 -18
28 21 0 -21
26 25 0 10
16 26 0 40
24 18 0 26
27 19 0 32
13 24 0 87
15 24 0 21
24 19 0 6
16 20 0 57
20 27 1 59
9 21 0 23
22 27 2 48
9 24 0 19
0 24 3 14
12 28 3 21
17 28 3 21
16 19 0 19
18 23 2 20
8 25 1 6
16 18 2 53
27 25 0 34
15 26 0 71
27 25 0 -11
13 22 1 24
3 21 0 18
26 28 3 38
13 24 3 52
17 20 3 48
3 26 1 14
18 22 2 8
18 20 2 10
26 27 3 1
3 10 2 -33
1 28 3 29
16 25 0 31
25 24 2 19
17 23 0 46
15 22 2 59
7 27 1 -19
24 19 0 -9
25 18 0 0
0 27 1 58
15 18 1 65
23 24 3 35
11 26 0 15
13 26 0 10
1 27 0 13
26 25 1 -2
24 27 2 8
19 26 3 16
15 17 2 38
25 25 0 22
28 23 1 15
21 23 0 35
19 20 3 -1
14 24 0 7
13 20 3 20
0 27 3 50
19 25 0 43
3 21 1 11
14 11 1 3
6 22 1 -39
14 28 0 16
5 21 1 -19
22 18 0 -1
26 25 1 0
16 26 0 30
3 10 1 -21
18 17 2 35
18 21 0 40
4 25 3 -13
6 24 2 -29
20 21 0 5
4 19 0 -7
17 20 3 43
9 26 0 9
12 22 0 -13
14 28 0 1
17 21 2 -7
25 27 0 -13
28 21 0 -34
28 24 1 -15
14 25 0 30
15 24 0 33
25 24 2 17
21 24 1 36
1 2 0 9
4 12 2 -3
4 0 0 33
5 26 2 149
6 20 2 23
22 17 1 -8
2 26 2 -66
15 0 0 11
14 0 1 10
16 0 0 6
13 1 1 5
23 8 2 3
14 1 1 6
13 6 3 7
14 12 0 6
21 11 0 3
5 15 1 35
0 1 0 45
1 14 3 28
4 0 0 29
6 15 0 6
22 9 1 -6
11 2 0 2
14 2 0 4
13 2 1 5
16 13 3 1
22 24 2 -2
13 5 1 7
14 14 0 4
15 25 0 4
25 3 2 4
23 1 3 5
25 23 2 119
0 18 3 64
3 23 3 79
25 24 3 126
6 21 0 10
10 4 0 0
12 19 2 -1
15 2 1 0
17 13 3 -1
11 28 2 2
16 12 0 2
11 3 2 7
23 1 1 3
22 15 2 1
28 3 1 3
23 13 2 2
2 28 2 63
1 12 2 62
2 11 3 60
5 3 0 52
7 5 0 17
11 5 2 0
26 3 0 -6
23 4 2 -5
12 8 0 1
18 4 0 3
26 6 3 0
16 11 2 4
26 2 2 3
27 2 1 3
23 3 0 4
23 6 2 3
4 6 3 15
4 7 3 47
3 8 0 62
4 7 0 23
7 14 2 27
10 4 0 0
10 4 0 0
10 4 0 0
15 7 0 4
22 5 2 1
15 11 1 5
27 3 3 2
11 4 2 10
16 12 0 7
27 5 0 4
24 16 0 1
1 14 3 44
4 7 3 44
4 28 3 117
0 19 3 100
6 6 0 12
10 4 0 0
10 4 0 0
14 7 0 0
25 25 1 -3
10 19 2 6
15 28 2 4
13 24 0 6
12 15 0 8
9 20 0 11
8 27 3 11
28 10 0 23
25 19 3 151
25 22 0 151
0 18 0 99
3 14 1 59
6 6 2 11
10 4 0 0
13 7 0 0
20 18 0 -2
21 14 3 -3
11 17 0 5
21 4 2 4
23 4 0 4
21 14 1 2
24 8 2 4
28 8 0 9
28 13 0 61
25 22 1 131
2 21 0 69
0 19 0 80
3 7 2 2
5 28 0 28
27 2 0 -6
18 10 2 -2
27 2 2 -2
23 2 0 0
26 6 0 0
18 17 0 3
18 22 3 5
28 2 2 4
24 13 0 4
8 7 1 24
1 6 2 78
15 6 3 138
1 27 2 58
3 16 0 43
12 0 1 128
6 5 2 8
11 5 2 0
23 4 0 -3
22 5 2 -2
14 16 0 3
10 14 0 8
10 22 2 9
18 28 1 6
23 15 0 3
10 1 2 14
27 15 0 22
5 21 0 111
5 18 0 40
0 17 1 28
27 24 0 114
2 22 2 47
7 16 0 21
14 21 0 -3
22 17 0 -6
12 19 0 2
18 10 2 1
11 16 2 7
17 14 0 6
23 6 3 5
11 16 2 11
24 18 0 9
6 3 3 48
28 12 3 14
16 5 3 118
1 22 3 28
18 4 2 118
4 28 3 35
7 6 2 2
12 17 2 -1
16 12 0 -1
22 9 0 -2
21 8 0 0
13 15 2 6
26 6 2 4
25 2 1 5
13 19 0 10
9 9 1 22
1 2 3 -7
25 20 3 13
16 7 3 106
1 24 2 27
15 6 3 113
4 28 1 24
8 7 2 6
25 3 0 -5
18 3 0 0
24 2 0 -1
13 24 0 3
17 12 2 4
25 3 2 4
21 24 0 4
24 14 0 4
24 18 2 11
2 4 3 -55
25 15 3 3
15 3 0 99
13 10 0 98
13 9 0 106
1 25 0 35
7 27 0 1
24 4 0 -5
12 20 2 1
23 5 0 -1
19 3 0 3
15 22 2 4
20 20 0 2
12 19 2 8
20 15 0 4
24 16 2 6
28 23 0 10
17 10 1 7
4 22 1 12
10 0 2 93
1 28 0 26
3 26 0 35
8 22 0 0
23 4 2 -5
11 22 0 1
22 4 2 0
16 14 2 2
18 8 0 4
22 9 1 3
10 4 0 9
19 1 0 7
10 3 0 12
23 12 2 7
18 10 3 6
2 22 2 10
3 20 2 14
2 16 2 14
3 8 0 -30
24 22 1 -8
10 16 0 0
12 28 0 0
20 23 0 -1
28 5 2 0
21 3 2 3
19 21 0 2
19 25 1 3
19 22 0 4
23 14 3 2
28 0 2 4
24 14 3 0
3 20 2 11
0 28 0 33
24 20 0 105
3 7 2 -24
8 27 2 1
26 6 0 -6
9 21 1 0
18 13 2 -1
26 3 0 1
26 6 1 1
28 5 3 2
26 2 0 3
23 2 3 4
20 7 3 4
25 1 3 3
19 11 3 1
5 1 1 6
12 5 0 4
5 0 0 0
8 0 0 0
9 0 0 1
9 0 0 1
8 0 3 1
22 26 3 -118
14 1 0 2
26 7 1 -8
13 15 0 67
24 24 2 -4
22 5 0 35
26 5 2 30
27 9 1 34
28 17 1 25
4 2 3 5
23 25 1 -101
10 8 0 0
12 6 0 0
7 1 0 0
8 0 2 0
8 0 1 0
9 0 0 1
14 5 0 0
24 12 1 -1
22 16 2 8
27 14 2 0
23 1 0 35
22 4 0 42
23 27 1 11
0 18 2 12
18 16 3 -36
6 24 1 -113
25 23 0 -110
11 3 2 4
11 7 2 -5
8 0 0 0
8 0 3 0
8 0 2 0
15 2 0 10
18 12 3 39
14 13 2 55
16 26 1 -8
28 17 2 16
25 1 0 32
10 8 3 125
3 5 2 115
0 12 0 -84
4 25 1 -107
12 25 0 -100
10 5 0 6
5 26 0 -121
9 5 0 4
9 6 0 0
10 6 0 -1
15 5 0 19
14 13 3 59
19 8 0 29
10 8 3 100
25 8 2 23
11 9 1 118
25 0 2 37
22 7 3 43
3 7 0 50
4 8 0 24
3 6 0 20
6 7 0 9
12 26 0 -100
15 23 3 -99
11 7 0 3
10 7 0 0
16 2 0 33
13 11 3 59
24 4 0 1
25 13 0 7
24 14 0 21
26 7 0 31
12 5 1 130
18 28 3 3
5 6 0 112
6 10 0 61
0 10 0 -11
0 10 0 -34
28 27 1 -96
8 7 0 7
10 7 2 2
12 10 0 2
13 17 0 68
17 10 0 12
3 1 2 88
21 10 0 26
24 12 2 28
16 22 0 19
7 27 2 2
0 0 0 125
11 24 0 24
25 17 3 31
5 11 0 43
6 11 0 29
21 6 3 -18
10 16 2 20
10 8 0 2
13 10 0 3
3 28 0 -49
9 12 1 45
4 4 2 81
21 11 0 23
23 5 2 37
12 24 1 21
1 2 0 125
24 8 0 43
0 12 0 51
0 19 2 22
3 12 0 54
6 11 0 48
21 10 3 -4
22 12 3 -45
22 6 1 -72
14 10 0 1
3 28 1 -60
22 16 2 -3
17 27 2 -32
21 7 0 20
21 8 0 47
27 7 0 39
25 0 1 38
6 2 1 138
26 18 2 130
4 25 1 102
3 16 2 58
6 14 0 46
7 12 2 22
5 11 2 -31
24 11 3 -89
14 12 0 4
3 25 3 -69
20 0 0 3
24 1 2 -9
21 15 0 26
26 4 0 30
25 11 0 38
28 6 2 42
21 5 2 59
10 21 3 117
25 18 0 130
3 17 0 59
9 15 0 81
8 16 0 19
2 0 2 5
5 0 2 1
5 11 3 -39
18 17 0 -11
5 22 3 -53
9 26 3 -61
10 14 1 76
12 28 3 4
27 24 3 16
20 24 2 20
24 2 2 54
4 25 3 50
0 20 0 43
4 10 2 68
6 18 0 25
11 18 0 28
9 19 0 7
11 19 0 11
12 19 0 22
11 19 1 32
11 19 1 36
8 19 1 30
9 18 1 60
27 19 0 11
18 17 0 67
0 10 3 30
7 28 1 8
23 17 1 67
7 7 2 123
9 21 1 30
5 22 0 30
22 22 0 35
13 25 1 35
24 24 1 25
9 5 1 141
25 5 2 57
19 13 1 85
16 23 3 38
15 24 3 36
3 27 2 33
8 21 1 45
20 20 0 51
23 20 0 41
3 7 2 77
22 17 2 68
28 10 3 55
12 22 0 53
7 0 1 161
13 23 1 46
11 22 2 40
26 7 2 51
8 1 3 151
11 22 1 42
19 23 0 39
12 5 0 155
11 8 1 152
28 12 1 53
28 23 1 39
14 24 1 45
14 4 2 38
27 25 0 37
5 23 0 47
5 24 0 46
26 26 1 48
5 4 0 160
7 24 0 30
22 25 0 29
9 4 1 150
24 24 1 37
16 26 0 42
11 4 1 161
22 23 0 46
13 27 0 46
8 24 0 38
23 25 1 40
15 6 0 17
2 27 0 34
10 22 3 63
25 8 2 83
27 11 3 85
26 14 0 74
20 23 1 50
19 23 1 45
8 7 1 151
27 14 0 59
15 23 2 55
9 16 3 164
12 11 1 159
16 28 3 49
7 7 1 158
6 8 1 161
16 7 0 24
16 1 2 77
21 6 0 85
8 24 3 46
24 24 3 55
8 4 2 165
23 23 3 47
11 27 2 34
4 25 2 32
28 8 3 62
8 7 1 158
21 15 2 119
13 12 1 157
22 27 1 45
13 16 2 183
11 14 2 198
27 0 2 94
21 6 2 113
3 2 0 27
19 6 3 84
7 0 0 5
16 11 2 0
16 11 2 0
16 11 1 0
17 7 0 1
16 3 2 10
24 17 0 16
27 14 2 12
20 11 0 25
27 16 0 16
24 19 0 22
21 10 0 39
25 19 2 124
25 18 3 128
2 7 0 21
20 8 3 90
7 3 0 1
16 12 3 0
17 14 3 0
16 11 0 0
15 5 0 1
19 11 0 6
19 5 0 13
21 1 0 12
22 11 2 18
19 13 1 38
23 4 1 -1
25 19 0 22
25 19 0 120
25 22 1 140
24 11 3 105
2 10 0 1
8 3 0 1
16 11 2 0
16 11 1 0
10 0 0 1
20 19 0 1
21 9 0 -4
24 14 0 7
15 4 3 30
0 11 3 -75
0 12 3 -67
23 8 3 1
18 2 0 13
24 12 2 110
25 16 1 122
25 14 3 107
2 14 0 0
18 16 1 0
16 11 0 0
16 11 0 0
10 0 0 1
14 3 0 1
21 14 0 2
19 11 0 12
28 21 0 21
26 19 0 15
20 4 1 19
18 11 1 16
23 9 0 2
17 0 2 129
18 9 1 135
25 17 3 108
4 12 0 3
16 13 2 0
16 11 1 0
16 11 0 0
10 0 0 1
13 0 2 1
16 3 0 2
20 7 0 0
21 7 0 5
19 7 2 15
0 6 1 -63
22 5 2 0
25 21 2 25
21 10 2 134
18 13 3 142
4 3 0 43
7 5 0 0
16 11 0 0
10 0 0 1
10 0 0 1
16 15 0 1
14 3 2 1
15 5 0 2
19 10 0 4
16 12 1 19
19 8 0 14
25 10 2 14
19 9 3 16
27 16 1 12
0 11 1 39
23 0 1 117
2 13 0 23
16 11 0 0
10 0 0 1
10 0 0 1
15 10 2 1
10 0 0 1
17 14 3 1
14 3 0 2
21 15 0 2
21 11 0 5
20 9 0 11
24 10 0 15
28 16 0 8
26 9 1 8
17 12 0 146
28 26 0 145
2 16 0 12
10 0 0 1
10 0 0 1
10 0 0 1
10 0 0 1
13 0 0 1
28 24 0 1
16 12 0 1
20 16 0 2
25 23 0 9
17 0 0 7
23 12 0 17
19 3 3 10
23 14 0 12
21 1 2 129
1 12 0 40
4 14 0 2
10 0 0 1
10 0 0 1
10 0 0 1
16 15 3 1
16 15 3 1
13 0 1 1
17 14 1 1
17 12 0 1
16 10 2 6
19 12 0 9
18 5 2 18
18 7 3 20
14 0 0 15
27 23 0 150
1 16 0 23
16 11 0 0
10 0 0 1
10 0 0 1
10 0 0 1
10 0 0 1
10 0 0 1
15 10 2 1
13 0 0 1
27 24 0 1
21 18 0 1
17 11 0 8
24 10 0 4
26 2 2 8
16 9 1 12
9 24 2 7
2 18 0 2
16 11 2 0
16 11 1 0
10 0 0 1
10 0 0 1
10 0 0 1
10 0 0 1
10 0 0 1
10 0 0 1
16 16 1 1
14 2 0 1
17 11 0 3
25 19 0 5
0 14 2 -82
22 7 1 -4
0 21 0 35
4 21 1 12
5 21 0 11
8 21 0 11
9 21 0 2
13 21 0 1
28 25 2 0
28 25 2 0
16 11 2 0
10 0 0 1
10 0 0 1
14 3 1 1
24 23 0 1
24 21 0 2
27 21 0 5
23 20 1 4
22 5 3 136
0 24 1 33
0 24 1 35
1 24 0 35
21 4 2 143
1 12 2 53
9 23 0 31
22 26 0 1
9 21 0 5
20 23 0 1
16 11 0 0
16 11 0 0
10 0 0 1
17 13 0 0
25 23 0 1
18 16 1 1
3 24 0 45
21 4 2 153
28 26 1 173
0 24 0 58
6 24 0 57
1 24 1 61
6 24 1 48
0 24 0 48
1 23 1 55
10 24 0 39
21 26 0 21
22 25 0 7
3 19 2 1
10 0 0 1
16 11 1 0
16 11 0 0
4 24 1 76
4 27 1 42
3 27 0 45
10 25 1 79
2 24 0 99
8 24 0 89
16 27 1 65
1 23 0 102
6 26 1 61
9 25 0 66
3 24 0 70
9 25 1 52
21 27 0 40
2 18 2 7
28 26 0 2
28 26 0 4
21 1 3 192
0 28 2 65
10 23 2 110
9 22 2 115
13 22 2 138
5 20 2 155
6 20 3 176
7 20 2 185
3 27 2 49
6 23 2 98
5 28 0 56
2 22 2 118
13 23 2 124
1 20 0 58
8 21 0 23
23 25 0 4
14 28 0 47
21 14 3 16
17 12 2 27
19 11 0 37
27 14 2 12
25 16 3 31
11 4 2 11
6 28 0 16
3 10 1 -3
5 23 3 41
3 8 0 11
13 2 1 24
16 9 0 35
9 26 3 58
0 12 2 39
13 1 3 64
26 10 0 -1
17 5 1 13
4 7 3 5
2 8 3 15
2 6 3 41
0 6 3 46
10 10 0 25
17 11 3 15
2 5 1 1
2 22 0 41
19 6 2 16
6 17 3 39
6 18 3 38
22 7 2 15
22 27 0 69
5 9 0 53
0 6 2 11
1 4 0 14
4 25 2 26
2 8 3 3
7 5 0 23
4 17 1 44
11 3 0 6
6 22 1 19
4 10 0 0
13 13 0 36
17 4 2 24
13 3 0 46
0 3 0 39
25 4 0 14
7 20 3 72
22 6 2 34
6 0 0 -4
20 4 1 3
20 6 1 -12
26 11 2 -19
7 4 0 14
6 11 1 15
11 5 0 4
12 16 1 15
19 2 0 -9
18 13 0 32
20 2 2 14
18 2 0 30
14 2 2 59
13 2 2 65
4 7 2 66
26 7 2 29
6 9 0 11
14 4 3 27
17 11 3 22
28 2 0 -25
2 3 1 23
8 14 0 19
11 15 0 11
14 12 2 12
3 14 1 -12
20 14 0 19
11 27 3 46
6 16 0 36
28 10 0 15
24 0 1 34
8 7 3 47
3 18 0 70
15 5 2 24
9 5 2 18
19 26 0 38
25 10 2 -8
0 8 0 20
7 0 1 -8
7 20 0 9
14 27 3 14
0 18 0 7
26 4 2 -35
25 2 2 -20
24 1 2 0
23 7 0 12
28 5 1 7
25 22 0 79
28 25 0 76
16 1 2 21
18 11 3 47
13 5 3 31
5 11 0 9
18 14 0 42
21 6 3 -4
11 11 0 2
4 24 1 8
15 18 1 9
4 28 2 6
7 24 1 17
19 3 2 -8
17 6 0 23
20 17 0 58
27 10 0 20
5 5 2 52
2 11 3 2
0 3 3 35
3 13 0 14
14 2 2 25
13 3 1 31
8 11 2 6
3 13 2 -23
8 24 2 8
9 28 2 0
16 13 2 5
27 10 2 -33
20 13 0 10
18 7 2 18
4 18 2 49
27 13 0 18
1 6 1 49
21 16 0 13
9 4 1 14
28 14 3 -8
5 20 0 31
2 19 0 33
6 2 1 -7
11 17 0 5
15 19 1 4
18 18 0 4
16 15 0 4
17 15 0 8
21 15 0 7
3 10 3 20
7 4 2 37
25 22 3 76
2 11 1 46
6 23 1 14
6 16 0 0
3 18 1 9
16 10 0 18
4 19 1 19
2 7 2 -9
11 17 0 2
13 17 0 1
15 21 2 4
14 19 0 4
2 20 0 0
18 16 0 5
20 8 0 -6
0 16 0 36
2 16 0 37
25 17 1 25
14 16 0 7
13 15 1 8
5 22 1 8
6 22 1 13
20 15 0 8
7 8 3 -24
16 16 1 -2
17 21 0 1
15 20 0 2
15 21 1 3
12 19 1 2
13 18 0 1
20 18 0 0
27 26 3 0
27 19 0 19
26 18 3 157
4 24 1 2
2 21 0 1
16 20 0 11
14 14 0 9
6 22 0 3
0 24 1 0
14 20 2 0
17 21 0 0
20 21 1 1
17 21 1 1
17 21 0 1
10 24 2 1
15 21 3 0
11 21 1 0
27 19 2 8
28 21 1 62
14 19 0 1
1 24 0 3
16 17 0 6
2 20 1 -1
18 18 1 -1
17 21 2 0
15 21 2 0
12 21 0 0
13 20 0 0
17 21 0 0
17 21 0 0
13 20 0 0
9 24 2 0
12 21 0 0
12 21 0 0
12 21 0 0
14 20 2 1
3 28 2 -3
28 25 3 3
13 20 3 2
18 21 2 1
14 20 2 1
14 21 3 1
13 20 3 0
20 21 3 0
17 21 2 0
10 24 2 0
12 21 0 0
12 21 0 0
12 21 0 0
28 24 0 0
14 26 1 0
20 18 3 2
16 17 2 3
14 28 0 1
18 18 2 7
14 28 1 4
14 18 0 12
14 28 0 5
9 27 0 4
12 27 0 3
16 27 0 3
11 26 0 2
13 26 1 0
13 26 1 1
25 27 0 1
28 27 0 1
22 20 3 7
19 19 1 2
15 19 0 6
8 28 2 1
16 16 2 8
13 17 2 9
17 21 2 12
10 22 3 13
18 25 2 12
14 13 1 6
14 16 1 7
18 21 1 9
14 19 2 9
13 5 2 0
6 3 2 6
28 22 2 74
27 21 3 53
0 0 0 23
22 14 3 106
14 1 3 117
0 3 3 37
8 0 2 4
25 12 0 -3
20 4 1 0
14 11 3 0
18 0 0 1
21 26 0 1
27 8 2 5
7 27 3 2
23 4 2 5
28 10 3 4
25 0 0 2
27 10 3 2
0 2 2 19
20 2 2 107
0 10 2 37
0 1 1 32
8 0 0 1
17 11 2 1
17 1 3 4
20 6 1 -1
10 6 0 0
17 1 0 1
3 24 2 0
21 1 0 2
24 0 0 1
28 11 3 1
26 6 2 1
26 6 1 2
6 20 2 82
0 6 3 42
12 1 1 108
4 5 0 32
8 2 0 0
17 7 2 0
11 3 0 5
14 6 3 15
28 3 3 -3
17 4 0 0
28 12 0 -3
21 12 2 1
25 15 2 1
23 5 1 2
22 3 2 2
26 9 0 1
0 3 0 23
11 4 1 112
0 9 3 31
5 1 0 23
16 3 0 0
28 3 0 -3
17 2 0 1
27 26 2 0
10 4 3 0
27 14 0 -4
23 4 0 0
17 7 0 4
23 6 0 2
27 11 0 2
27 9 2 2
26 8 2 1
5 14 0 90
15 0 1 105
6 24 1 92
5 6 0 14
16 3 0 0
16 3 0 0
16 3 0 0
9 6 1 0
27 1 0 -3
19 5 0 0
27 7 3 1
22 11 2 3
25 9 2 4
28 2 1 3
28 15 3 0
16 10 2 4
0 3 0 21
9 2 3 102
2 9 0 18
6 7 0 6
16 3 0 0
16 3 0 0
16 3 0 0
16 3 0 0
16 3 0 0
18 8 0 0
25 14 2 1
23 10 1 4
21 13 3 6
25 13 3 2
23 3 1 2
27 11 0 1
11 1 2 101
0 0 3 18
5 7 0 17
26 17 1 -3
9 11 1 1
20 15 0 0
17 13 0 0
16 3 0 0
16 3 0 0
18 12 0 0
18 5 2 3
26 12 2 2
28 2 0 3
26 9 3 2
26 6 0 2
20 5 0 4
4 1 3 14
1 12 0 16
3 14 0 0
18 10 0 9
20 15 1 14
9 12 0 14
11 12 0 11
2 24 1 4
18 14 0 0
28 0 2 -3
27 13 2 -3
21 12 0 1
23 3 2 2
27 5 1 3
28 11 0 3
25 5 1 4
3 9 0 24
12 28 2 -1
16 13 1 0
9 2 0 10
7 20 2 13
11 13 1 62
9 15 1 17
13 14 0 17
7 11 0 14
4 24 1 8
16 14 0 1
26 17 0 -2
20 12 0 1
25 7 1 2
26 7 1 4
16 3 0 9
3 13 0 0
20 16 1 0
6 17 3 0
23 28 0 0
7 17 0 24
8 18 0 53
8 22 2 184
15 18 0 58
16 17 0 30
16 16 0 19
17 24 2 18
23 25 2 15
17 15 0 3
14 12 0 4
18 5 2 6
4 27 3 1
18 20 2 37
10 19 1 7
0 6 0 -54
4 14 2 9
7 22 0 19
8 18 2 36
4 8 1 152
19 0 0 232
20 12 3 234
3 25 1 225
21 21 3 56
1 11 2 158
23 22 2 52
28 25 1 20
27 18 0 4
27 17 0 1
13 22 1 16
23 17 2 9
4 21 0 9
5 20 1 0
1 9 3 -48
6 19 0 35
12 21 0 8
21 22 0 33
15 21 0 56
21 22 1 56
14 20 0 62
3 24 2 230
23 21 0 65
13 6 1 37
8 14 3 10
16 0 3 11
28 3 2 -3
17 13 1 0
10 11 1 2
17 0 2 6
7 13 2 2
9 23 0 3
11 14 3 0
16 23 0 -4
16 23 0 13
22 23 0 -4
15 18 3 -18
21 19 3 18
20 19 3 27
7 5 0 42
1 0 3 -68
17 2 0 11
5 24 0 4
17 13 2 11
23 1 0 7
7 25 0 3
23 1 1 7
12 26 0 5
21 13 0 10
25 7 0 8
8 25 3 3
22 1 2 6
10 26 2 4
23 6 1 6
23 0 3 6
21 14 3 11
8 23 2 2
12 23 3 1
26 9 3 7
22 2 3 8
25 11 2 6
17 7 3 8
25 9 1 5
20 3 1 6
28 13 2 3
28 10 2 5
26 8 1 6
15 28 2 3
1 26 0 3
17 2 0 11
19 7 0 11
13 12 1 15
24 22 1 -1
12 17 0 23
3 14 2 6
21 1 0 6
22 12 0 7
12 25 2 2
21 13 2 9
24 16 1 7
27 27 1 0
7 25 2 2
28 11 0 7
19 7 0 10
25 6 0 9
22 6 0 9
24 26 0 6
10 17 0 -45
23 21 3 43
2 13 3 106
