256 64 256 4
0 0 0 58
0 0 0 58
0 0 0 58
0 0 0 58
0 0 0 58
0 0 0 58
0 0 0 58
0 0 0 58
0 0 0 58
0 0 0 58
0 0 0 58
0 0 0 58
0 0 0 58
0 0 0 58
0 0 0 58
0 0 0 58
0 0 0 58
0 0 0 58
0 0 0 58
0 0 0 58
0 0 0 58
0 0 0 58
0 0 0 58
0 0 0 58
0 0 0 58
0 0 0 58
0 0 0 58
0 0 0 58
0 0 0 58
0 0 0 58
0 0 0 58
0 0 0 58
0 0 0 58
0 0 0 58
0 0 0 58
0 0 0 58
0 0 0 58
0 0 0 58
0 0 0 58
0 0 0 58
0 0 0 58
0 0 0 58
0 0 0 58
0 0 0 58
0 0 0 58
0 0 0 58
0 0 0 58
0 0 0 58
20 13 1 45
8 4 1 49
21 13 0 45
19 13 0 22
20 13 0 45
0 0 0 58
0 0 0 58
1 8 0 118
0 0 0 58
8 4 1 49
19 13 0 22
21 13 0 45
0 0 0 58
1 8 1 118
18 13 0 33
18 13 1 33
15 16 1 16
25 8 3 0
15 8 0 22
5 8 0 22
0 0 0 58
0 0 0 58
0 0 0 58
5 8 0 22
0 0 0 58
15 8 1 22
19 13 0 22
12 11 0 40
12 11 3 40
22 9 1 27
18 16 2 9
20 13 0 45
5 8 0 22
6 7 0 33
15 8 0 22
5 8 0 22
0 0 0 58
19 13 2 22
18 13 3 33
5 8 0 22
0 0 0 58
15 8 1 22
0 0 0 58
0 0 0 58
23 8 0 12
8 4 2 49
5 8 1 22
0 0 0 58
1 8 2 118
0 0 0 58
8 4 2 49
1 8 2 118
0 0 0 58
0 0 0 58
0 0 0 58
20 13 3 45
19 13 2 22
8 4 3 49
19 13 2 22
8 4 2 49
1 8 2 118
0 0 0 58
18 13 2 33
18 13 3 33
0 0 0 58
19 10 2 13
8 5 2 49
0 0 0 58
0 0 0 58
0 0 0 58
0 0 0 58
0 0 0 58
17 23 1 56
0 0 0 58
0 0 0 58
0 0 0 58
0 0 0 58
0 0 0 58
12 11 2 40
0 0 0 58
8 5 1 49
4 23 1 16
3 15 0 50
1 27 1 -7
2 12 2 48
10 25 0 -1
22 7 0 24
20 13 3 45
15 16 0 16
17 8 2 13
21 14 2 18
13 17 3 13
19 9 2 -13
27 16 3 24
15 9 3 -9
18 13 3 33
0 0 0 58
2 17 2 35
8 5 1 49
19 13 0 7
12 16 0 27
15 9 0 -9
22 7 2 24
0 0 0 58
5 8 1 22
5 8 0 22
0 0 0 58
16 22 2 9
21 14 0 33
2 12 0 48
15 7 3 33
18 13 1 33
0 0 0 58
18 13 2 33
8 4 2 49
0 0 0 58
0 0 0 58
12 11 1 40
0 0 0 58
0 0 0 58
0 0 0 58
0 0 0 58
0 0 0 58
0 0 0 58
0 0 0 58
0 0 0 58
0 0 0 58
0 0 0 58
0 0 0 58
20 16 1 15
8 4 2 49
19 13 0 22
8 4 0 49
21 13 0 45
8 4 0 49
20 13 1 45
15 16 2 30
1 8 0 118
18 13 0 33
0 0 0 58
18 13 0 33
8 4 0 49
17 28 0 -1
18 13 1 33
8 5 3 49
4 23 3 16
12 11 0 40
23 18 3 22
3 11 0 45
10 26 0 4
28 24 3 24
0 0 0 58
5 8 1 22
17 8 0 13
21 13 2 45
16 15 0 -1
10 8 0 5
17 15 3 24
15 8 1 22
0 0 0 58
0 0 0 58
16 9 1 1
25 28 0 48
10 8 0 19
12 17 0 31
19 8 2 -9
22 6 2 31
0 0 0 58
17 17 1 33
17 17 0 33
0 0 0 58
16 21 2 27
9 8 0 16
0 13 3 48
12 11 0 40
9 8 1 31
0 0 0 58
0 0 0 58
0 0 0 58
0 0 0 58
0 0 0 58
13 19 1 40
0 0 0 58
0 0 0 58
0 0 0 58
0 0 0 58
18 13 0 33
8 4 0 49
8 4 1 49
0 0 0 58
19 13 0 22
0 0 0 58
3 8 1 7
25 8 3 15
15 8 0 22
10 8 0 19
8 4 0 49
15 8 0 22
2 12 0 48
12 18 3 40
23 18 3 22
20 13 1 45
15 9 0 -9
8 4 0 49
19 14 1 7
0 0 0 58
15 8 1 22
0 0 0 58
0 0 0 58
0 0 0 58
0 0 0 58
0 0 0 58
0 0 0 58
0 0 0 58
0 0 0 58
0 0 0 58
0 0 0 58
0 0 0 58
0 0 0 58
0 0 0 58
0 0 0 58
0 0 0 58
0 0 0 58
0 0 0 58
0 0 0 58
0 0 0 58
0 0 0 58
0 0 0 58
0 0 0 58
0 0 0 58
0 0 0 58
0 0 0 58
0 0 0 58
0 0 0 58
0 0 0 58
0 0 0 58
0 0 0 58
0 0 0 58
0 0 0 58
0 0 0 58
0 0 0 58
0 0 0 58
0 0 0 58
0 0 0 58
0 0 0 58
0 0 0 58
0 0 0 58
0 0 0 58
0 0 0 58
0 0 0 58
0 0 0 58
0 0 0 58
0 0 0 58
0 0 0 58
0 0 0 58
0 0 0 58
10 19 2 49
0 0 0 58
0 0 0 58
0 0 0 58
0 0 0 58
0 0 0 58
0 0 0 58
0 0 0 58
0 0 0 58
0 0 0 58
0 0 0 58
0 0 0 58
0 0 0 58
0 0 0 58
0 0 0 58
0 0 0 58
0 8 1 22
0 0 0 58
0 0 0 58
0 0 0 58
0 0 0 58
0 0 0 58
0 0 0 58
0 0 0 58
0 0 0 58
0 0 0 58
0 0 0 58
0 0 0 58
0 0 0 58
0 0 0 58
0 0 0 58
0 0 0 58
0 8 1 22
0 0 0 58
0 0 0 58
0 0 0 58
0 0 0 58
0 0 0 58
0 0 0 58
0 0 0 58
0 0 0 58
0 0 0 58
0 0 0 58
0 0 0 58
0 0 0 58
0 0 0 58
0 0 0 58
0 0 0 58
11 13 3 45
18 13 2 22
0 0 0 58
0 0 0 58
0 0 0 58
0 0 0 58
0 0 0 58
0 0 0 58
0 0 0 58
0 0 0 58
0 0 0 58
0 0 0 58
0 0 0 58
0 0 0 58
0 0 0 58
0 0 0 58
24 18 1 28
5 21 1 31
0 0 0 58
3 9 1 49
9 17 2 21
0 0 0 58
0 0 0 58
0 0 0 58
0 0 0 58
0 0 0 58
0 0 0 58
0 0 0 58
0 0 0 58
0 0 0 58
0 0 0 58
26 25 3 36
2 14 1 48
1 10 0 27
0 0 0 58
5 22 0 22
1 8 1 22
15 22 2 33
27 22 1 7
3 25 3 2
8 23 1 33
8 23 0 4
9 23 0 -2
25 22 1 19
18 13 0 -35
1 7 0 33
27 21 0 31
3 9 2 49
0 0 0 58
1 17 2 30
3 9 1 49
27 21 3 31
1 8 1 22
0 0 0 58
0 8 0 22
3 25 1 2
8 23 3 33
0 8 0 22
9 16 0 0
5 21 2 31
18 13 0 22
3 10 0 49
5 22 3 22
0 0 0 58
17 13 2 31
3 9 2 49
3 9 3 49
0 0 0 58
0 0 0 58
0 0 0 58
0 0 0 58
0 0 0 58
0 0 0 58
0 0 0 58
0 0 0 58
0 0 0 58
0 0 0 58
0 0 0 58
3 9 2 49
0 0 0 58
17 13 2 31
1 17 0 30
0 0 0 58
4 21 0 40
9 22 3 20
11 13 1 45
3 9 0 49
11 13 1 45
3 9 0 49
16 19 3 40
10 19 2 49
0 0 0 58
18 13 0 22
0 0 0 58
0 0 0 58
27 22 3 22
2 14 3 48
1 10 2 27
0 0 0 58
28 22 0 22
1 8 1 22
25 21 2 40
1 17 2 16
1 9 2 33
10 23 0 33
10 16 1 21
9 24 0 -25
1 20 1 10
23 15 0 46
1 7 2 33
27 22 0 22
0 0 0 58
17 13 0 31
1 17 0 30
4 21 0 40
4 21 3 40
1 7 3 33
0 0 0 58
0 7 2 33
15 15 3 38
4 26 0 25
0 7 2 33
9 17 0 7
25 21 3 40
23 15 0 46
3 10 2 49
27 22 3 22
0 0 0 58
0 0 0 58
0 0 0 58
0 0 0 58
0 0 0 58
0 0 0 58
0 0 0 58
0 0 0 58
0 0 0 58
0 0 0 58
0 0 0 58
0 0 0 58
0 0 0 58
0 0 0 58
0 0 0 58
0 0 0 58
0 0 0 58
25 21 1 40
23 18 3 22
0 0 0 58
0 0 0 58
0 0 0 58
0 0 0 58
0 0 0 58
0 0 0 58
0 0 0 58
0 0 0 58
0 0 0 58
0 0 0 58
0 0 0 58
0 0 0 58
23 18 2 22
25 21 0 40
0 0 0 58
0 0 0 58
0 0 0 58
0 0 0 58
0 0 0 58
0 0 0 58
0 0 0 58
0 0 0 58
0 0 0 58
0 0 0 58
0 0 0 58
0 0 0 58
0 0 0 58
0 0 0 58
0 0 0 58
0 0 0 58
0 0 0 58
0 0 0 58
0 0 0 58
0 0 0 58
0 0 0 58
0 0 0 58
0 0 0 58
0 0 0 58
0 0 0 58
0 0 0 58
0 0 0 58
0 0 0 58
0 0 0 58
0 0 0 58
0 0 0 58
0 0 0 58
0 0 0 58
0 0 0 58
0 0 0 58
0 0 0 58
0 0 0 58
0 0 0 58
0 0 0 58
0 0 0 58
0 0 0 58
0 0 0 58
0 0 0 58
0 0 0 58
0 0 0 58
0 0 0 58
0 0 0 58
0 0 0 58
0 0 0 58
0 0 0 58
0 0 0 58
0 0 0 58
0 0 0 58
0 0 0 58
0 0 0 58
0 0 0 58
0 0 0 58
0 0 0 58
0 0 0 58
0 0 0 58
0 0 0 58
0 0 0 58
0 0 0 58
0 0 0 58
0 0 0 58
0 0 0 58
0 0 0 58
0 0 0 58
0 0 0 58
0 0 0 58
0 0 0 58
0 0 0 58
0 0 0 58
0 0 0 58
0 0 0 58
0 0 0 58
0 0 0 58
0 0 0 58
0 0 0 58
0 0 0 58
0 0 0 58
0 0 0 58
0 0 0 58
0 0 0 58
0 0 0 58
0 0 0 58
0 0 0 58
0 0 0 58
0 0 0 58
0 0 0 58
0 0 0 58
0 0 0 58
0 0 0 58
0 0 0 58
0 0 0 58
0 0 0 58
0 0 0 58
0 0 0 58
0 0 0 58
0 0 0 58
0 0 0 58
0 0 0 58
0 0 0 58
0 0 0 58
0 0 0 58
0 0 0 58
0 0 0 58
0 0 0 58
0 0 0 58
0 0 0 58
0 0 0 58
0 0 0 58
0 0 0 58
0 0 0 58
0 0 0 58
4 21 0 31
0 0 0 58
0 0 0 58
0 0 0 58
4 21 0 45
0 0 0 58
23 17 2 33
0 0 0 58
0 0 0 58
0 0 0 58
0 0 0 58
0 0 0 58
0 0 0 58
12 24 1 24
13 24 0 22
0 0 0 58
4 23 3 22
12 24 0 24
23 14 3 27
20 22 3 50
23 16 1 -4
0 0 0 58
23 16 2 -4
25 26 1 40
16 15 0 18
9 14 3 13
25 25 2 31
22 13 3 19
0 14 0 22
9 16 2 -4
17 15 3 12
4 21 0 31
20 21 3 59
12 24 0 24
0 0 0 58
0 0 0 58
12 24 0 24
0 0 0 58
12 16 1 21
1 25 2 39
13 24 0 22
0 0 0 58
25 25 0 31
22 13 1 19
0 14 2 22
0 0 0 58
0 0 0 58
1 13 2 49
0 0 0 58
0 0 0 58
0 0 0 58
11 18 2 51
22 14 3 41
0 0 0 58
0 0 0 58
0 0 0 58
0 0 0 58
0 0 0 58
0 0 0 58
0 0 0 58
0 0 0 58
20 21 1 59
1 13 0 49
0 0 0 58
4 22 0 22
20 21 0 59
20 21 0 59
20 21 1 59
9 16 3 9
0 0 0 58
12 24 1 24
1 13 1 49
1 13 0 49
24 13 1 45
0 0 0 58
22 13 1 33
0 0 0 58
12 24 1 24
13 24 0 22
0 0 0 58
4 22 3 22
12 24 0 24
22 21 3 39
20 21 3 59
12 24 0 24
0 0 0 58
23 15 2 -24
20 21 3 59
16 15 2 18
0 19 0 36
14 25 3 22
20 21 2 59
15 21 0 4
9 15 2 4
17 14 3 18
4 22 0 22
0 0 0 58
23 17 1 33
0 0 0 58
0 0 0 58
12 25 0 24
0 0 0 58
23 17 0 33
19 25 0 28
22 17 1 33
0 0 0 58
25 26 0 40
23 15 3 33
25 13 2 45
0 0 0 58
0 0 0 58
0 0 0 58
0 0 0 58
0 0 0 58
0 0 0 58
20 21 2 59
24 13 2 45
0 0 0 58
0 0 0 58
0 0 0 58
0 0 0 58
0 0 0 58
0 0 0 58
0 0 0 58
0 0 0 58
22 14 0 41
25 26 3 40
17 25 2 27
0 26 3 30
1 14 0 40
27 14 0 24
0 0 0 58
2 26 3 24
21 14 1 33
22 14 0 41
22 14 1 41
22 14 0 41
24 14 0 22
25 26 2 40
11 14 0 16
20 21 1 59
0 0 0 58
0 0 0 58
0 0 0 58
0 0 0 58
0 0 0 58
0 0 0 58
0 0 0 58
0 0 0 58
0 0 0 58
0 0 0 58
0 0 0 58
0 0 0 58
0 0 0 58
0 0 0 58
0 0 0 58
0 0 0 58
0 0 0 58
0 0 0 58
0 0 0 58
0 0 0 58
0 0 0 58
0 0 0 58
0 0 0 58
0 0 0 58
0 0 0 58
0 0 0 58
0 0 0 58
0 0 0 58
0 0 0 58
0 0 0 58
0 0 0 58
0 0 0 58
0 0 0 58
0 0 0 58
0 0 0 58
0 0 0 58
0 0 0 58
0 0 0 58
0 0 0 58
0 0 0 58
0 0 0 58
0 0 0 58
0 0 0 58
0 0 0 58
0 0 0 58
0 0 0 58
0 0 0 58
0 0 0 58
0 0 0 58
0 0 0 58
0 0 0 58
0 0 0 58
0 0 0 58
0 0 0 58
0 0 0 58
0 0 0 58
0 0 0 58
0 0 0 58
0 0 0 58
0 0 0 58
0 0 0 58
0 0 0 58
0 0 0 58
0 0 0 58
0 0 0 58
0 0 0 58
0 0 0 58
0 0 0 58
0 0 0 58
0 0 0 58
0 0 0 58
0 0 0 58
0 0 0 58
0 0 0 58
0 0 0 58
0 0 0 58
0 0 0 58
0 0 0 58
0 0 0 58
0 0 0 58
0 0 0 58
0 0 0 58
0 0 0 58
0 0 0 58
0 0 0 58
0 0 0 58
0 0 0 58
0 0 0 58
0 0 0 58
0 0 0 58
0 0 0 58
0 0 0 58
0 0 0 58
0 0 0 58
0 0 0 58
0 0 0 58
0 0 0 58
0 0 0 58
0 0 0 58
0 0 0 58
0 0 0 58
0 0 0 58
0 0 0 58
0 0 0 58
0 0 0 58
0 0 0 58
0 0 0 58
0 0 0 58
0 0 0 58
0 0 0 58
0 0 0 58
0 0 0 58
0 0 0 58
0 0 0 58
0 0 0 58
0 0 0 58
0 0 0 58
0 0 0 58
0 0 0 58
0 0 0 58
0 0 0 58
0 0 0 58
16 25 3 31
0 0 0 58
0 0 0 58
13 18 3 40
0 18 0 16
0 0 0 58
4 20 1 -26
25 24 3 18
23 16 0 16
26 16 1 9
26 13 0 9
4 20 0 -41
27 15 1 35
27 12 3 16
13 18 0 40
20 17 2 31
25 11 3 49
17 22 1 22
18 22 0 22
27 15 1 7
0 18 0 16
16 25 0 16
6 14 0 33
23 27 0 48
5 22 3 33
12 15 3 -1
18 15 1 22
6 14 1 33
27 15 1 35
0 0 0 58
0 0 0 58
17 23 3 22
0 0 0 58
17 22 2 22
13 18 0 40
27 15 1 35
0 0 0 58
23 27 1 48
0 0 0 58
0 0 0 58
8 18 0 22
25 12 3 40
0 0 0 58
0 0 0 58
0 0 0 58
0 0 0 58
0 0 0 58
25 11 3 49
0 0 0 58
0 0 0 58
0 0 0 58
0 0 0 58
0 0 0 58
0 0 0 58
0 13 1 31
25 11 1 49
27 28 1 48
0 13 0 31
25 11 0 49
0 13 0 31
25 11 0 49
25 11 0 49
25 11 1 49
0 0 0 58
17 22 3 22
25 11 1 49
21 13 1 49
27 17 3 31
4 13 2 19
25 11 0 49
13 15 2 18
25 23 3 38
20 17 1 16
25 23 0 38
26 14 0 15
13 15 3 4
27 15 1 35
14 16 0 31
25 11 3 49
17 22 0 22
0 0 0 58
17 23 1 22
17 23 3 22
27 16 1 7
4 13 2 19
23 17 1 36
0 18 3 16
23 24 0 56
26 12 2 16
12 17 1 -9
23 16 1 44
0 18 2 16
27 17 1 31
0 0 0 58
0 0 0 58
17 22 3 22
0 0 0 58
20 17 0 31
25 11 3 49
27 17 1 31
0 0 0 58
23 24 1 56
0 0 0 58
0 0 0 58
0 13 3 31
25 11 3 49
0 0 0 58
0 0 0 58
0 0 0 58
0 0 0 58
0 0 0 58
0 0 0 58
0 0 0 58
25 11 0 49
0 13 0 31
0 0 0 58
21 13 0 49
27 28 1 48
0 0 0 58
0 0 0 58
26 12 0 31
26 12 1 31
0 0 0 58
0 0 0 58
0 0 0 58
0 0 0 58
0 0 0 58
0 0 0 58
0 0 0 58
25 16 2 -4
0 13 0 31
28 12 1 40
25 23 3 38
0 0 0 58
27 6 0 22
0 28 1 31
16 20 0 9
28 19 2 30
25 6 0 22
10 15 2 -8
12 17 2 49
9 15 2 9
19 12 3 21
21 0 0 58
25 6 0 22
21 0 0 58
25 6 1 22
21 0 0 58
25 6 1 22
21 0 0 58
17 20 2 50
21 0 0 58
16 12 2 47
14 1 1 22
5 4 3 31
20 1 0 40
28 16 0 45
12 16 1 40
14 1 1 22
21 0 0 58
20 1 0 40
21 0 0 58
20 1 1 40
21 0 0 58
20 1 1 40
21 0 0 58
20 11 1 45
12 17 3 49
12 17 2 49
21 0 0 58
21 0 0 58
20 1 2 40
21 0 0 58
21 0 0 58
21 0 0 58
21 0 0 58
14 1 2 22
26 3 1 62
20 1 3 40
21 0 0 58
19 12 1 21
21 0 0 58
28 5 1 16
7 6 1 11
25 6 0 22
28 19 2 30
20 1 2 40
25 5 2 13
0 11 3 48
11 23 3 33
20 13 0 24
16 1 3 40
20 6 2 -9
26 3 1 62
19 13 1 17
21 0 0 58
25 6 1 22
21 0 0 58
27 6 0 22
18 7 1 33
16 13 0 -1
7 2 0 10
25 6 0 22
19 14 0 14
12 16 2 40
9 14 2 20
7 2 0 10
21 0 0 58
25 6 0 22
21 0 0 58
25 6 1 22
21 0 0 58
25 6 1 22
21 0 0 58
1 6 2 118
21 0 0 58
12 17 0 49
18 11 3 33
14 11 2 48
12 17 0 49
1 6 2 118
12 17 1 49
18 11 3 33
21 0 0 58
12 17 0 49
21 0 0 58
12 17 1 49
21 0 0 58
12 17 1 49
21 0 0 58
21 0 0 58
20 13 1 24
26 3 3 62
21 0 0 58
21 0 0 58
21 0 0 58
21 0 0 58
21 0 0 58
17 21 1 56
21 0 0 58
21 0 0 58
21 0 0 58
21 0 0 58
21 0 0 58
20 1 3 40
21 0 0 58
26 3 0 62
4 21 1 16
25 28 1 50
1 25 1 -7
2 10 2 48
10 7 2 -1
28 23 3 19
20 11 3 45
28 5 0 16
24 5 3 13
21 12 2 18
13 15 3 13
1 25 2 -21
27 14 3 24
20 7 1 -12
18 11 3 33
21 0 0 58
26 27 1 27
26 3 0 62
7 2 2 10
12 14 0 27
20 7 2 -12
28 23 1 19
21 0 0 58
27 6 1 22
27 6 0 22
21 0 0 58
16 20 2 9
21 12 0 33
2 10 0 48
25 28 3 36
18 11 1 33
21 0 0 58
18 11 2 33
12 17 0 49
21 0 0 58
21 0 0 58
20 1 0 40
21 0 0 58
21 0 0 58
21 0 0 58
21 0 0 58
21 0 0 58
21 0 0 58
21 0 0 58
21 0 0 58
21 0 0 58
21 0 0 58
21 0 0 58
20 14 1 15
12 17 0 49
19 11 0 22
12 17 2 49
21 11 0 45
12 17 2 49
20 11 1 45
28 5 2 30
1 6 0 118
18 11 0 33
21 0 0 58
18 11 0 33
12 17 2 49
17 4 0 4
18 11 1 33
26 3 2 62
4 21 3 16
20 1 1 40
14 1 3 22
18 2 1 45
10 6 2 15
28 22 3 24
21 0 0 58
27 6 1 22
24 5 1 13
21 11 2 45
16 13 0 -1
21 27 0 7
28 4 2 24
25 6 1 22
21 0 0 58
21 0 0 58
4 17 2 -9
25 26 0 48
28 19 0 30
12 15 0 31
20 6 2 -9
11 23 0 33
21 0 0 58
17 15 1 33
17 15 0 33
21 0 0 58
16 19 2 27
15 1 3 16
0 11 3 48
20 1 1 40
15 1 2 31
21 0 0 58
21 0 0 58
21 0 0 58
21 0 0 58
21 0 0 58
13 17 1 40
21 0 0 58
21 0 0 58
21 0 0 58
21 0 0 58
18 11 0 33
12 17 2 49
12 17 3 49
21 0 0 58
19 11 0 22
21 0 0 58
28 5 1 1
0 26 1 4
25 6 0 22
28 19 0 30
12 17 2 49
25 6 0 22
2 10 0 48
12 16 3 40
14 1 3 22
20 11 1 45
20 7 2 -12
12 17 2 49
19 12 1 7
21 0 0 58
25 6 1 22
21 0 0 58
27 6 0 22
0 28 1 31
16 20 0 9
28 19 2 30
25 6 0 22
10 15 2 -8
12 17 2 49
9 15 2 9
19 12 3 21
21 0 0 58
25 6 0 22
21 0 0 58
25 6 1 22
21 0 0 58
25 6 1 22
21 0 0 58
28 5 1 7
23 16 1 7
4 0 0 58
4 0 0 58
4 0 0 58
4 0 0 58
4 0 0 58
4 0 0 58
4 0 0 58
4 0 0 58
4 0 0 58
4 0 0 58
4 0 0 58
2 13 1 22
4 0 0 58
4 0 0 58
25 1 0 40
0 1 1 22
4 0 0 58
4 0 0 58
4 0 0 58
4 0 0 58
4 0 0 58
4 0 0 58
4 0 0 58
4 0 0 58
4 0 0 58
4 0 0 58
4 0 0 58
4 0 0 58
0 1 0 22
25 1 1 40
4 0 0 58
4 0 0 58
4 0 0 58
4 0 0 58
4 0 0 58
4 0 0 58
4 0 0 58
4 0 0 58
4 0 0 58
4 0 0 58
4 0 0 58
4 0 0 58
4 0 0 58
4 0 0 58
4 0 0 58
7 16 3 40
26 5 0 33
27 0 3 13
3 0 3 57
3 0 2 57
3 0 2 57
4 0 0 58
4 0 0 58
4 0 0 58
4 0 0 58
4 0 0 58
4 0 0 58
4 0 0 58
4 0 0 58
3 0 3 57
27 0 2 27
7 21 1 24
13 14 0 9
27 2 0 7
7 16 0 40
26 1 0 31
3 0 0 57
4 0 0 58
4 0 0 58
4 0 0 58
4 0 0 58
4 0 0 58
4 0 0 58
4 0 0 58
4 0 0 58
2 19 3 33
3 0 2 57
1 15 0 16
3 0 1 57
0 2 1 31
4 0 0 58
4 0 0 58
4 0 0 58
4 0 0 58
4 0 0 58
4 0 0 58
4 0 0 58
4 0 0 58
4 0 0 58
4 0 0 58
4 0 0 58
4 0 0 58
0 2 0 31
10 17 1 49
28 0 3 31
25 0 3 31
4 0 0 58
3 0 3 57
9 15 2 21
4 0 0 58
4 0 0 58
4 0 0 58
4 0 0 58
4 0 0 58
4 0 0 58
4 0 0 58
4 0 0 58
4 0 0 58
4 0 0 58
26 23 3 36
3 0 3 42
28 0 0 16
4 0 0 58
5 20 0 22
2 13 1 22
15 20 2 33
27 20 1 7
3 23 3 2
8 21 1 33
8 21 0 4
9 21 0 -2
25 20 1 19
27 2 0 -35
2 19 0 33
27 19 0 31
3 0 0 57
4 0 0 58
1 15 2 30
3 0 3 57
27 19 3 31
2 13 1 22
4 0 0 58
28 6 1 41
3 23 1 2
8 21 3 33
28 6 1 41
9 14 0 0
25 0 0 31
18 11 0 22
3 28 0 57
5 20 3 22
4 0 0 58
0 2 0 31
3 0 0 57
3 0 1 57
4 0 0 58
4 0 0 58
4 0 0 58
4 0 0 58
4 0 0 58
4 0 0 58
4 0 0 58
4 0 0 58
4 0 0 58
4 0 0 58
4 0 0 58
3 0 0 57
4 0 0 58
0 2 0 31
1 15 0 30
4 0 0 58
3 27 1 42
9 20 3 20
11 11 1 45
3 0 2 57
11 11 1 45
3 0 2 57
16 17 3 40
10 17 2 49
4 0 0 58
18 11 0 22
4 0 0 58
4 0 0 58
27 20 3 22
3 0 1 42
28 0 2 16
4 0 0 58
28 20 0 22
2 13 1 22
25 1 1 40
1 15 2 16
27 19 3 16
10 21 0 33
28 6 1 26
9 22 0 -25
1 18 1 10
28 0 0 16
2 19 2 33
27 20 0 22
4 0 0 58
0 2 2 31
1 15 0 30
3 27 1 42
3 27 2 42
2 19 3 33
4 0 0 58
8 15 0 33
15 13 3 38
26 5 3 33
8 15 0 33
9 15 0 7
25 1 0 40
28 0 0 16
3 28 2 57
27 20 3 22
4 0 0 58
4 0 0 58
4 0 0 58
4 0 0 58
4 0 0 58
4 0 0 58
4 0 0 58
4 0 0 58
4 0 0 58
4 0 0 58
4 0 0 58
4 0 0 58
4 0 0 58
4 0 0 58
4 0 0 58
4 0 0 58
4 0 0 58
25 1 2 40
0 1 3 22
4 0 0 58
4 0 0 58
4 0 0 58
4 0 0 58
4 0 0 58
4 0 0 58
4 0 0 58
4 0 0 58
4 0 0 58
4 0 0 58
4 0 0 58
4 0 0 58
0 1 2 22
25 1 3 40
28 5 1 7
23 16 1 7
4 0 0 58
4 0 0 58
4 0 0 58
4 0 0 58
4 0 0 58
4 0 0 58
4 0 0 58
4 0 0 58
4 0 0 58
4 0 0 58
4 0 0 58
2 13 1 22
4 0 0 58
4 0 0 58
12 22 1 24
13 6 0 22
13 6 1 22
15 14 0 -8
14 14 1 16
26 3 0 58
12 22 1 24
12 14 1 21
26 3 0 58
12 13 1 -9
22 12 3 27
22 12 2 41
23 12 1 27
25 24 0 40
28 13 0 33
20 19 1 59
22 12 2 41
25 24 1 40
13 1 0 40
0 12 2 22
16 13 2 18
15 27 2 24
26 3 0 58
15 0 1 45
26 3 0 58
22 12 2 41
22 12 3 41
22 12 2 41
15 27 2 24
25 24 0 40
19 1 0 16
20 19 3 59
26 3 0 58
15 0 3 45
26 3 0 58
26 3 0 58
26 3 0 58
26 3 0 58
16 4 0 51
22 12 1 27
26 3 0 58
26 3 0 58
26 3 0 58
26 3 0 58
26 3 0 58
26 3 0 58
26 3 0 58
26 3 0 58
26 1 0 36
14 0 2 33
22 13 0 33
15 28 0 30
16 12 0 27
9 28 0 41
20 19 1 59
13 6 0 22
26 3 0 58
26 1 0 36
25 23 3 31
5 19 1 31
4 19 0 31
26 3 0 58
26 3 0 58
20 19 0 59
26 3 0 58
12 22 1 24
22 11 2 39
23 13 1 18
13 6 0 22
20 19 0 59
14 0 0 33
13 6 0 22
26 3 0 58
23 14 0 9
14 14 0 1
4 19 2 31
4 21 3 22
26 3 0 58
7 4 1 65
14 0 1 33
26 3 0 58
20 19 3 59
24 11 3 45
23 2 0 31
16 12 2 27
23 2 0 31
26 3 0 58
7 4 2 65
26 3 0 58
23 2 1 31
24 11 3 45
12 13 2 47
20 19 3 59
26 3 0 58
7 4 3 65
26 3 0 58
26 3 0 58
26 3 0 58
26 3 0 58
4 19 0 31
26 3 0 58
26 3 0 58
26 3 0 58
4 19 0 45
26 3 0 58
14 0 2 33
26 3 0 58
26 3 0 58
26 3 0 58
26 3 0 58
26 3 0 58
26 3 0 58
12 22 1 24
13 6 0 22
26 3 0 58
4 21 3 22
12 22 0 24
23 12 3 27
15 0 1 45
23 14 1 -4
26 3 0 58
23 14 2 -4
25 24 1 40
16 13 0 18
1 1 0 13
25 23 2 31
23 2 0 16
0 12 0 22
9 14 2 -4
17 13 3 12
4 19 0 31
20 19 3 59
12 22 0 24
26 3 0 58
26 3 0 58
12 22 0 24
26 3 0 58
15 5 2 16
1 23 2 39
13 6 0 22
26 3 0 58
25 23 0 31
23 2 2 16
0 12 2 22
26 3 0 58
26 3 0 58
7 4 2 65
26 3 0 58
26 3 0 58
26 3 0 58
16 4 2 51
22 12 3 41
26 3 0 58
26 3 0 58
26 3 0 58
26 3 0 58
26 3 0 58
26 3 0 58
26 3 0 58
26 3 0 58
20 19 1 59
7 4 0 65
26 3 0 58
4 20 0 22
20 19 0 59
20 19 0 59
20 19 1 59
9 14 3 9
26 3 0 58
12 22 1 24
7 4 1 65
7 4 0 65
24 11 1 45
26 3 0 58
23 2 2 31
26 3 0 58
12 22 1 24
13 6 0 22
26 3 0 58
4 20 3 22
12 22 0 24
22 19 3 39
20 19 3 59
12 22 0 24
26 3 0 58
2 5 0 -21
20 19 3 59
16 13 2 18
0 17 0 36
14 23 3 22
20 19 2 59
15 19 0 4
9 13 2 4
17 12 3 18
4 20 0 22
26 3 0 58
14 0 1 33
26 3 0 58
26 3 0 58
12 23 0 24
26 3 0 58
14 0 0 33
19 23 0 28
13 0 1 33
26 3 0 58
25 24 0 40
15 28 2 30
25 11 2 45
26 3 0 58
26 3 0 58
26 3 0 58
26 3 0 58
26 3 0 58
26 3 0 58
20 19 2 59
24 11 2 45
26 3 0 58
26 3 0 58
26 3 0 58
26 3 0 58
26 3 0 58
26 3 0 58
26 3 0 58
26 3 0 58
22 12 0 41
25 24 3 40
17 23 2 27
0 24 3 30
13 1 3 40
0 1 2 24
26 3 0 58
6 2 3 24
21 12 1 33
22 12 0 41
22 12 1 41
22 12 0 41
15 27 0 24
25 24 2 40
19 1 2 16
20 19 1 59
12 22 1 24
13 6 0 22
13 6 1 22
15 14 0 -8
14 14 1 16
26 3 0 58
12 22 1 24
12 14 1 21
26 3 0 58
12 13 1 -9
22 12 3 27
22 12 2 41
23 12 1 27
25 24 0 40
28 13 0 33
20 19 1 59
8 0 0 58
8 0 0 58
28 28 0 22
8 0 0 58
8 0 0 58
8 0 0 58
8 0 0 58
8 0 0 58
8 0 0 58
8 0 0 58
8 0 0 58
25 21 0 38
8 0 0 58
8 0 0 58
25 21 1 38
8 0 0 58
21 1 0 40
8 0 0 58
3 19 2 31
3 19 3 31
8 0 0 58
8 0 0 58
8 0 0 58
8 0 0 58
8 0 0 58
8 0 0 58
8 0 0 58
21 1 0 40
8 0 0 58
8 0 0 58
21 1 1 40
8 0 0 58
8 0 0 58
8 0 0 58
8 0 0 58
8 0 0 58
8 0 0 58
8 0 0 58
8 0 0 58
8 0 0 58
8 0 0 58
8 0 0 58
8 0 0 58
2 1 2 42
0 16 2 31
8 0 0 58
8 0 0 58
8 0 0 58
0 16 1 16
2 0 3 48
8 0 0 58
8 0 0 58
8 0 0 58
8 0 0 58
8 0 0 58
8 0 0 58
8 0 0 58
8 0 0 58
8 0 0 58
22 6 3 -4
0 16 2 31
25 7 2 30
28 13 2 7
19 5 2 49
28 2 2 49
0 2 2 49
8 0 0 58
8 0 0 58
8 0 0 58
8 0 0 58
8 0 0 58
8 0 0 58
8 0 0 58
8 0 0 58
8 0 0 58
25 21 0 38
8 0 0 58
25 21 0 38
8 0 0 58
25 20 0 41
0 11 3 31
28 2 0 49
8 0 0 58
8 0 0 58
8 0 0 58
8 0 0 58
8 0 0 58
8 0 0 58
8 0 0 58
8 0 0 58
8 0 0 58
0 2 1 49
8 0 0 58
0 2 1 49
8 0 0 58
28 2 1 49
8 0 0 58
8 0 0 58
8 0 0 58
8 0 0 58
8 0 0 58
8 0 0 58
8 0 0 58
8 0 0 58
8 0 0 58
8 0 0 58
16 23 3 31
8 0 0 58
8 0 0 58
20 1 2 40
0 16 0 16
8 0 0 58
4 18 1 -26
25 7 3 16
23 14 0 16
26 14 1 9
26 11 0 9
4 18 0 -41
28 28 1 22
27 10 3 19
20 1 1 40
20 15 2 31
28 2 0 49
17 20 1 22
18 20 0 22
27 13 1 7
0 16 0 16
16 23 0 16
6 12 0 33
28 4 0 45
5 20 3 33
26 28 0 -1
18 13 1 22
6 12 1 33
28 28 1 22
8 0 0 58
8 0 0 58
17 21 3 22
8 0 0 58
17 20 2 22
20 1 1 40
28 28 1 22
8 0 0 58
28 4 1 45
8 0 0 58
8 0 0 58
8 16 0 22
2 1 1 42
8 0 0 58
8 0 0 58
8 0 0 58
8 0 0 58
8 0 0 58
28 2 0 49
8 0 0 58
8 0 0 58
8 0 0 58
8 0 0 58
8 0 0 58
8 0 0 58
0 11 1 31
28 2 2 49
27 26 1 48
0 11 0 31
28 2 3 49
0 11 0 31
28 2 3 49
28 2 3 49
28 2 2 49
8 0 0 58
17 20 3 22
28 2 2 49
0 2 3 49
28 28 1 36
4 11 2 19
28 2 3 49
13 13 2 18
27 28 2 27
23 27 0 38
25 21 0 38
26 12 0 15
13 13 3 4
28 28 1 22
26 4 3 39
28 2 0 49
17 20 0 22
8 0 0 58
17 21 1 22
17 21 3 22
27 14 1 7
4 11 2 19
2 0 0 33
0 16 3 16
2 0 1 48
3 19 2 16
12 15 1 -9
23 14 1 44
0 16 2 16
28 28 3 36
8 0 0 58
8 0 0 58
17 20 3 22
8 0 0 58
20 15 0 31
28 2 0 49
28 28 3 36
8 0 0 58
2 0 0 48
8 0 0 58
8 0 0 58
0 11 3 31
28 2 0 49
8 0 0 58
8 0 0 58
8 0 0 58
8 0 0 58
8 0 0 58
8 0 0 58
8 0 0 58
28 2 3 49
0 11 0 31
8 0 0 58
0 2 2 49
27 26 1 48
8 0 0 58
8 0 0 58
3 19 0 31
3 19 1 31
8 0 0 58
8 0 0 58
8 0 0 58
8 0 0 58
8 0 0 58
8 0 0 58
8 0 0 58
25 14 2 -4
0 11 0 31
15 12 1 40
27 27 0 24
8 0 0 58
8 0 0 58
8 0 0 58
28 28 0 22
8 0 0 58
8 0 0 58
8 0 0 58
8 0 0 58
8 0 0 58
8 0 0 58
8 0 0 58
8 0 0 58
25 21 0 38
8 0 0 58
8 0 0 58
25 21 1 38
8 0 0 58
8 1 2 40
21 6 0 58
16 10 2 47
23 14 1 22
5 2 3 31
26 1 3 48
28 14 0 45
12 14 1 40
23 14 1 22
21 6 0 58
26 1 3 48
21 6 0 58
26 1 2 48
21 6 0 58
26 1 2 48
21 6 0 58
20 9 1 45
12 15 3 49
12 15 2 49
21 6 0 58
21 6 0 58
26 1 1 48
21 6 0 58
21 6 0 58
21 6 0 58
21 6 0 58
23 14 2 22
21 23 0 51
26 1 0 48
21 6 0 58
19 10 1 21
21 6 0 58
28 3 1 16
7 4 1 11
25 27 0 24
24 14 0 16
26 1 1 48
25 3 2 13
0 9 3 48
3 6 2 50
20 11 0 24
25 14 3 40
20 4 2 -9
21 23 0 51
19 11 1 17
21 6 0 58
25 27 1 24
21 6 0 58
27 4 0 22
18 5 1 33
16 11 0 -1
7 0 0 10
25 27 0 24
20 27 0 -9
12 14 2 40
9 12 2 20
7 0 0 10
21 6 0 58
25 27 0 24
21 6 0 58
25 27 1 24
21 6 0 58
25 27 1 24
21 6 0 58
0 23 3 62
21 6 0 58
12 15 0 49
18 9 3 33
14 9 2 48
12 15 0 49
0 23 3 62
12 15 1 49
18 9 3 33
21 6 0 58
12 15 0 49
21 6 0 58
12 15 1 49
21 6 0 58
12 15 1 49
21 6 0 58
21 6 0 58
20 11 1 24
21 23 2 51
21 6 0 58
21 6 0 58
21 6 0 58
21 6 0 58
21 6 0 58
27 2 1 53
21 6 0 58
21 6 0 58
21 6 0 58
21 6 0 58
21 6 0 58
26 1 0 48
21 6 0 58
21 23 1 51
6 4 0 26
25 26 1 50
7 0 1 -18
2 8 2 48
10 5 2 -1
28 13 3 22
20 9 3 45
28 3 0 16
24 3 3 13
21 10 2 18
13 13 3 13
7 0 2 -32
27 12 3 24
20 27 1 -9
18 9 3 33
21 6 0 58
26 25 1 27
21 23 1 51
7 0 2 10
12 12 0 27
20 27 2 -9
28 13 1 22
21 6 0 58
27 4 1 22
27 4 0 22
21 6 0 58
16 10 2 4
21 10 0 33
2 8 0 48
25 26 3 36
18 9 1 33
21 6 0 58
18 9 2 33
12 15 0 49
21 6 0 58
21 6 0 58
26 1 3 48
21 6 0 58
21 6 0 58
21 6 0 58
21 6 0 58
21 6 0 58
21 6 0 58
21 6 0 58
21 6 0 58
21 6 0 58
21 6 0 58
28 2 1 10
17 2 0 33
25 26 0 36
19 9 0 22
21 6 0 58
25 27 0 24
0 23 0 62
12 15 3 49
18 9 1 33
21 6 0 58
4 15 0 -9
12 15 0 49
7 0 2 -3
21 6 0 58
20 27 1 -9
21 6 0 58
27 4 0 22
8 5 0 8
25 3 2 13
24 14 2 16
25 27 0 24
10 13 0 -8
12 15 0 49
9 14 2 1
19 11 3 17
20 9 3 45
20 27 0 -9
12 15 0 49
25 27 1 24
21 6 0 58
25 27 1 24
21 6 0 58
17 13 0 33
0 23 2 62
13 13 1 13
24 14 2 16
2 14 0 24
25 26 2 36
20 11 3 52
3 6 0 50
24 14 2 16
21 6 0 58
25 26 2 36
21 6 0 58
25 26 3 36
21 6 0 58
25 26 3 36
21 6 0 58
21 6 0 58
21 6 0 58
21 6 0 58
21 6 0 58
21 6 0 58
12 15 2 49
21 6 0 58
21 6 0 58
21 6 0 58
21 6 0 58
18 9 0 33
12 15 2 49
12 15 3 49
21 6 0 58
19 9 0 22
21 6 0 58
28 3 1 1
0 24 1 4
25 27 0 24
24 14 2 16
12 15 2 49
25 27 0 24
2 8 0 48
12 14 3 40
23 14 3 22
20 9 1 45
20 27 2 -9
12 15 2 49
19 10 1 7
21 6 0 58
25 27 1 24
21 6 0 58
27 4 0 22
0 26 1 31
16 10 0 4
24 14 0 16
25 27 0 24
10 13 2 -8
12 15 2 49
9 13 2 9
19 10 3 21
21 6 0 58
25 27 0 24
21 6 0 58
25 27 1 24
21 6 0 58
25 27 1 24
21 6 0 58
8 1 2 40
21 6 0 58
16 10 2 47
23 14 1 22
5 2 3 31
26 1 3 48
28 14 0 45
12 14 1 40
23 14 1 22
21 6 0 58
26 1 3 48
21 6 0 58
26 1 2 48
21 6 0 58
26 1 2 48
21 6 0 58
7 28 1 40
23 14 1 22
4 0 0 58
4 0 0 58
4 0 0 58
4 0 0 58
4 0 0 58
4 0 0 58
4 0 0 58
4 0 0 58
4 0 0 58
4 0 0 58
4 0 0 58
4 0 0 58
23 14 0 22
7 28 0 40
4 0 0 58
4 0 0 58
4 0 0 58
4 0 0 58
4 0 0 58
4 0 0 58
4 0 0 58
4 0 0 58
4 0 0 58
4 0 0 58
4 0 0 58
4 0 0 58
4 0 0 58
4 0 0 58
4 0 0 58
7 14 3 40
26 3 0 33
14 11 0 21
3 0 3 49
3 0 2 49
3 0 2 49
4 0 0 58
4 0 0 58
4 0 0 58
4 0 0 58
4 0 0 58
4 0 0 58
4 0 0 58
4 0 0 58
3 0 3 49
4 27 1 19
26 26 1 18
13 12 0 9
27 0 0 7
7 14 0 40
13 10 2 33
3 0 0 49
4 0 0 58
4 0 0 58
4 0 0 58
4 0 0 58
4 0 0 58
4 0 0 58
4 0 0 58
4 0 0 58
25 25 2 36
3 0 2 49
26 27 3 18
3 0 1 49
0 0 1 31
4 0 0 58
4 0 0 58
4 0 0 58
4 0 0 58
4 0 0 58
4 0 0 58
4 0 0 58
4 0 0 58
4 0 0 58
4 0 0 58
4 0 0 58
4 0 0 58
0 0 0 31
7 15 1 49
24 14 1 28
1 14 2 33
4 0 0 58
3 0 3 49
9 13 2 21
4 0 0 58
4 0 0 58
4 0 0 58
4 0 0 58
4 0 0 58
4 0 0 58
4 0 0 58
4 0 0 58
4 0 0 58
4 0 0 58
26 25 3 47
2 10 1 48
28 26 2 35
4 0 0 58
5 11 0 22
25 26 0 27
5 28 1 24
1 12 0 13
27 11 3 7
5 11 1 22
8 12 0 4
27 5 2 -10
26 24 0 27
0 16 0 -35
25 25 1 36
27 10 0 33
3 0 0 49
4 0 0 58
26 25 1 33
3 0 3 49
27 10 3 33
25 26 0 27
4 0 0 58
28 4 1 41
27 11 1 7
5 11 3 22
28 4 1 41
9 12 0 0
1 14 1 33
18 9 0 22
8 26 0 49
5 11 3 22
4 0 0 58
0 0 0 31
3 0 0 49
3 0 1 49
4 0 0 58
4 0 0 58
4 0 0 58
4 0 0 58
4 0 0 58
4 0 0 58
4 0 0 58
4 0 0 58
4 0 0 58
4 0 0 58
4 0 0 58
3 0 0 49
4 0 0 58
3 0 3 49
0 0 3 31
4 0 0 58
4 0 0 58
4 0 0 58
4 0 0 58
4 0 0 58
4 0 0 58
4 0 0 58
4 0 0 58
4 0 0 58
4 0 0 58
4 0 0 58
4 0 0 58
0 0 2 31
26 27 3 18
27 25 0 15
28 26 3 7
4 0 0 58
4 0 0 58
4 0 0 58
4 0 0 58
4 0 0 58
4 0 0 58
4 0 0 58
4 0 0 58
4 0 0 58
4 0 0 58
4 0 0 58
25 25 0 36
3 0 0 49
28 4 1 41
26 3 2 33
4 27 2 19
4 0 0 58
4 0 0 58
4 0 0 58
4 0 0 58
4 0 0 58
4 0 0 58
4 0 0 58
4 0 0 58
4 0 0 58
4 0 0 58
4 0 0 58
3 0 1 49
4 27 3 19
26 25 3 33
4 0 0 58
4 0 0 58
4 0 0 58
4 0 0 58
4 0 0 58
4 0 0 58
4 0 0 58
4 0 0 58
4 0 0 58
4 0 0 58
4 0 0 58
4 0 0 58
4 0 0 58
4 0 0 58
11 9 1 45
11 9 0 45
7 28 3 40
23 14 3 22
4 0 0 58
4 0 0 58
4 0 0 58
4 0 0 58
4 0 0 58
4 0 0 58
4 0 0 58
4 0 0 58
4 0 0 58
4 0 0 58
4 0 0 58
3 0 3 49
27 27 2 -4
11 9 0 45
27 26 0 9
23 14 1 7
26 25 0 47
15 11 3 38
25 24 3 45
4 0 0 58
4 0 0 58
4 0 0 58
4 0 0 58
4 0 0 58
4 0 0 58
4 0 0 58
4 0 0 58
4 0 0 58
28 4 1 41
4 0 0 58
7 28 1 40
23 14 1 22
4 0 0 58
4 0 0 58
4 0 0 58
4 0 0 58
4 0 0 58
4 0 0 58
4 0 0 58
4 0 0 58
4 0 0 58
4 0 0 58
4 0 0 58
4 0 0 58
7 14 1 40
4 0 0 58
22 10 2 41
20 25 2 40
1 10 3 40
0 10 2 22
16 11 2 18
4 2 3 22
26 1 0 58
9 14 0 40
26 1 0 58
22 10 2 41
22 10 3 41
22 10 2 41
4 2 3 22
20 25 3 40
11 10 2 16
15 24 2 59
26 1 0 58
9 14 2 40
26 1 0 58
26 1 0 58
26 1 0 58
26 1 0 58
16 2 0 51
22 10 1 27
26 1 0 58
26 1 0 58
26 1 0 58
26 1 0 58
26 1 0 58
26 1 0 58
26 1 0 58
26 1 0 58
28 25 3 28
23 13 2 33
22 11 0 33
27 26 1 27
16 10 0 27
27 11 0 35
15 24 0 59
13 4 0 22
26 1 0 58
28 25 3 28
20 26 0 31
19 5 0 55
20 5 1 58
26 1 0 58
26 1 0 58
15 24 1 59
26 1 0 58
3 26 1 22
22 9 2 39
23 11 1 18
13 4 0 22
15 24 1 59
23 13 0 33
13 4 0 22
26 1 0 58
23 12 0 9
14 12 0 1
20 5 3 58
4 11 3 22
26 1 0 58
7 2 1 65
23 13 1 33
26 1 0 58
15 24 2 59
24 9 3 45
23 0 0 31
16 10 2 27
23 0 0 31
26 1 0 58
7 2 2 65
26 1 0 58
23 0 1 31
24 9 3 45
7 26 0 41
15 24 2 59
26 1 0 58
7 2 3 65
26 1 0 58
26 1 0 58
26 1 0 58
26 1 0 58
20 5 1 58
26 1 0 58
26 1 0 58
26 1 0 58
21 27 1 45
26 1 0 58
23 13 2 33
26 1 0 58
26 1 0 58
26 1 0 58
26 1 0 58
26 1 0 58
26 1 0 58
3 26 1 22
13 4 0 22
26 1 0 58
4 11 3 22
3 26 0 22
23 10 3 27
9 14 0 40
23 12 1 -4
26 1 0 58
23 12 2 -4
20 25 2 40
16 11 0 18
9 10 3 13
20 26 1 31
23 0 0 16
0 10 0 22
9 12 2 -4
17 11 3 12
20 5 1 58
15 24 2 59
3 26 0 22
26 1 0 58
26 1 0 58
3 26 0 22
26 1 0 58
15 3 2 16
10 6 2 33
13 4 0 22
26 1 0 58
20 26 3 31
23 0 2 16
0 10 2 22
26 1 0 58
26 1 0 58
7 2 2 65
26 1 0 58
26 1 0 58
26 1 0 58
16 2 2 51
22 10 3 41
26 1 0 58
26 1 0 58
26 1 0 58
26 1 0 58
26 1 0 58
26 1 0 58
26 1 0 58
26 1 0 58
23 0 3 31
3 26 1 36
24 9 1 45
23 0 2 31
7 2 0 65
8 8 2 48
15 24 3 59
22 12 1 9
26 1 0 58
23 0 3 31
15 24 0 59
7 2 1 65
15 24 1 59
26 1 0 58
26 1 0 58
26 1 0 58
26 1 0 58
3 26 1 22
22 11 2 33
23 9 1 24
16 11 2 18
25 9 2 45
23 13 2 33
13 4 0 22
26 1 0 58
4 2 0 22
16 11 1 18
4 11 2 22
4 11 0 22
26 1 0 58
26 1 0 58
23 13 3 33
26 1 0 58
23 13 0 33
22 11 2 47
27 26 3 13
16 11 0 18
27 26 3 27
15 24 2 59
22 13 1 33
26 1 0 58
27 26 2 13
28 11 3 18
2 0 1 45
20 5 2 58
26 1 0 58
21 11 1 53
15 24 3 59
26 1 0 58
15 24 0 59
23 0 3 31
15 24 0 59
7 2 2 65
26 1 0 58
26 1 0 58
15 24 1 59
26 1 0 58
26 1 0 58
26 1 0 58
24 9 3 45
26 1 0 58
26 1 0 58
26 1 0 58
26 1 0 58
28 25 1 28
3 26 1 36
26 1 0 58
3 26 1 22
15 24 1 59
11 10 0 16
15 24 0 59
12 10 0 1
26 1 0 58
22 10 0 41
20 25 0 40
26 1 0 58
26 1 0 58
15 24 1 59
11 10 0 16
15 24 0 59
26 1 0 58
3 26 1 22
26 1 0 58
3 26 1 22
16 11 2 18
11 10 2 16
9 14 0 40
3 26 0 22
26 1 0 58
3 26 1 22
13 4 0 22
26 1 0 58
26 1 0 58
13 4 0 22
26 1 0 58
26 1 0 58
26 1 0 58
9 14 0 40
26 1 0 58
9 14 0 40
15 24 3 59
11 10 2 16
15 24 2 59
9 14 1 40
26 1 0 58
22 10 2 41
20 25 2 40
26 1 0 58
9 14 0 40
15 24 3 59
11 10 2 16
15 24 2 59
12 14 1 40
8 0 0 58
26 8 2 33
26 8 3 33
8 0 0 58
8 0 0 58
8 0 0 58
8 0 0 58
8 0 0 58
8 0 0 58
8 0 0 58
12 14 1 40
8 0 0 58
8 0 0 58
12 14 0 40
8 0 0 58
8 0 0 58
8 0 0 58
8 0 0 58
8 0 0 58
8 0 0 58
8 0 0 58
8 0 0 58
8 0 0 58
8 0 0 58
8 0 0 58
8 0 0 58
25 8 0 42
0 14 2 31
8 0 0 58
8 0 0 58
8 0 0 58
0 14 1 16
28 3 2 50
8 0 0 58
8 0 0 58
8 0 0 58
8 0 0 58
8 0 0 58
8 0 0 58
8 0 0 58
8 0 0 58
8 0 0 58
22 4 3 -4
0 14 2 31
25 5 2 30
28 11 2 7
19 3 2 49
28 0 2 49
0 0 2 49
8 0 0 58
8 0 0 58
8 0 0 58
8 0 0 58
8 0 0 58
8 0 0 58
8 0 0 58
8 0 0 58
8 0 0 58
22 20 0 19
8 0 0 58
22 20 0 19
8 0 0 58
25 10 0 38
0 9 3 31
28 0 0 49
8 0 0 58
8 0 0 58
8 0 0 58
8 0 0 58
8 0 0 58
8 0 0 58
8 0 0 58
8 0 0 58
8 0 0 58
0 0 1 49
8 0 0 58
0 0 1 49
8 0 0 58
28 0 1 49
8 0 0 58
8 0 0 58
8 0 0 58
8 0 0 58
8 0 0 58
8 0 0 58
8 0 0 58
8 0 0 58
8 0 0 58
8 0 0 58
20 11 1 39
8 0 0 58
8 0 0 58
20 1 0 40
0 14 0 16
8 0 0 58
26 24 0 -35
25 5 3 16
23 12 0 16
26 12 1 9
26 9 0 9
4 12 3 -14
20 3 0 30
27 8 3 19
20 1 3 40
20 13 2 31
28 0 0 49
20 12 3 24
21 12 1 33
27 11 1 7
0 14 0 16
20 11 0 24
6 10 0 33
28 2 0 45
23 11 2 24
26 3 3 1
18 11 1 22
6 10 1 33
20 3 0 30
8 0 0 58
8 0 0 58
23 12 0 30
8 0 0 58
20 12 0 24
20 1 3 40
20 3 0 30
8 0 0 58
28 2 1 45
8 0 0 58
8 0 0 58
8 14 0 22
25 8 3 42
8 0 0 58
8 0 0 58
8 0 0 58
8 0 0 58
8 0 0 58
28 0 0 49
8 0 0 58
8 0 0 58
8 0 0 58
8 0 0 58
8 0 0 58
8 0 0 58
0 9 1 31
28 0 2 49
8 0 0 58
8 0 0 58
8 0 0 58
8 0 0 58
8 0 0 58
8 0 0 58
8 0 0 58
8 0 0 58
8 0 0 58
0 9 1 31
20 3 3 44
25 17 0 50
0 0 3 49
19 3 0 49
28 0 0 49
0 0 0 49
8 0 0 58
8 0 0 58
8 0 0 58
8 0 0 58
8 0 0 58
8 0 0 58
8 0 0 58
8 0 0 58
8 0 0 58
8 0 0 58
20 3 1 30
22 27 1 16
24 12 0 -27
8 0 0 58
0 14 3 16
28 3 0 50
8 0 0 58
8 0 0 58
8 0 0 58
8 0 0 58
8 0 0 58
8 0 0 58
8 0 0 58
8 0 0 58
8 0 0 58
8 0 0 58
27 13 0 31
25 13 1 31
24 13 0 -1
27 13 1 31
8 0 0 58
8 0 0 58
8 0 0 58
8 0 0 58
8 0 0 58
8 0 0 58
8 0 0 58
8 0 0 58
8 0 0 58
8 0 0 58
8 0 0 58
8 0 0 58
28 0 2 49
8 0 0 58
8 0 0 58
8 0 0 58
8 0 0 58
8 0 0 58
8 0 0 58
8 0 0 58
8 0 0 58
8 0 0 58
8 0 0 58
8 0 0 58
8 0 0 58
8 0 0 58
8 0 0 58
0 14 3 31
20 3 1 44
26 2 0 24
26 17 1 30
19 3 0 49
8 0 0 58
8 0 0 58
8 0 0 58
8 0 0 58
8 0 0 58
8 0 0 58
8 0 0 58
8 0 0 58
8 0 0 58
8 0 0 58
8 0 0 58
8 0 0 58
20 3 1 30
22 20 1 19
24 13 0 -29
23 13 3 36
8 0 0 58
8 0 0 58
8 0 0 58
8 0 0 58
8 0 0 58
8 0 0 58
8 0 0 58
8 0 0 58
8 0 0 58
8 0 0 58
8 0 0 58
8 0 0 58
20 1 3 40
12 14 0 40
24 13 0 27
25 8 2 42
20 6 0 58
20 6 0 58
20 6 0 58
20 6 0 58
20 6 0 58
20 6 0 58
20 6 0 58
20 6 0 58
20 6 0 58
20 6 0 58
20 6 0 58
20 6 0 58
20 6 0 58
20 6 0 58
20 6 0 58
20 6 0 58
12 12 3 40
28 15 2 30
7 15 0 50
24 12 1 16
12 12 2 40
14 1 0 -7
15 1 0 22
21 12 2 7
2 1 0 22
19 4 3 28
13 1 0 35
16 15 0 41
24 12 1 16
12 11 2 31
1 1 0 10
18 9 1 47
27 18 0 22
20 6 0 58
16 10 2 49
20 28 0 57
27 18 1 22
16 10 0 -8
14 10 0 30
14 10 1 30
1 2 3 33
7 11 0 49
20 6 0 58
19 4 1 28
19 7 2 7
17 28 3 33
18 7 2 19
18 9 1 33
20 6 0 58
19 7 2 22
20 6 0 58
18 7 2 33
20 6 0 58
21 7 2 45
17 15 2 59
18 10 0 24
20 7 2 45
20 28 3 57
20 6 0 58
20 6 0 58
18 7 2 33
20 28 2 57
18 7 2 33
20 7 2 45
20 6 0 58
1 1 0 10
25 20 0 54
20 6 0 58
20 6 0 58
20 6 0 58
20 6 0 58
20 6 0 58
17 17 1 56
20 6 0 58
20 6 0 58
20 6 0 58
20 6 0 58
20 6 0 58
19 4 3 42
20 6 0 58
25 20 3 54
4 17 1 16
3 9 0 50
5 28 0 -18
5 0 3 48
10 19 0 -1
28 19 3 19
20 7 3 45
15 10 0 16
15 16 3 13
21 8 2 18
13 11 3 13
5 28 2 -32
27 10 3 24
19 3 1 -12
18 7 3 33
20 6 0 58
1 2 0 33
25 20 3 54
19 7 0 7
12 10 0 27
19 3 2 -12
28 19 1 19
20 6 0 58
14 10 1 30
14 10 0 30
20 6 0 58
16 16 2 9
13 0 1 24
5 0 1 48
19 4 1 28
18 7 1 33
20 6 0 58
18 7 2 33
20 28 2 57
20 6 0 58
20 6 0 58
19 4 0 42
20 6 0 58
20 6 0 58
20 6 0 58
20 6 0 58
20 6 0 58
20 6 0 58
20 6 0 58
20 6 0 58
20 6 0 58
20 6 0 58
20 6 0 58
20 10 1 15
20 28 2 57
19 7 0 22
20 28 0 57
21 7 0 45
20 28 0 57
20 7 1 45
15 10 2 30
17 15 0 59
18 7 0 33
20 6 0 58
18 7 0 33
20 28 0 57
19 3 3 1
18 7 1 33
25 20 1 54
4 17 3 16
19 4 1 42
23 12 3 22
27 21 3 40
19 2 0 7
28 18 3 24
20 6 0 58
14 10 1 30
15 16 1 13
21 7 2 45
16 9 0 -1
5 9 3 24
17 9 3 24
7 11 0 49
20 6 0 58
20 6 0 58
1 2 2 4
3 7 1 48
28 15 0 30
12 11 0 31
19 2 2 -7
11 19 0 33
20 6 0 58
17 11 1 33
17 11 0 33
20 6 0 58
16 15 2 27
24 12 3 16
0 7 3 48
19 4 1 42
24 12 2 31
20 6 0 58
18 7 0 33
20 28 0 57
20 6 0 58
20 6 0 58
20 28 2 57
20 6 0 58
20 6 0 58
17 15 1 59
20 6 0 58
20 6 0 58
20 6 0 58
20 6 0 58
20 6 0 58
20 6 0 58
20 6 0 58
20 6 0 58
2 12 0 24
20 28 1 57
28 15 0 30
12 12 2 40
7 20 3 30
12 12 2 40
25 12 3 40
15 8 0 24
17 16 0 50
19 8 1 21
20 28 0 57
23 12 2 22
12 12 2 40
19 2 3 -7
24 12 2 31
20 28 3 57
2 6 0 13
20 28 3 57
24 12 0 16
12 12 2 40
13 10 1 26
14 10 0 30
20 6 0 58
14 10 1 30
15 10 1 16
20 6 0 58
16 10 0 -8
28 15 2 30
17 8 3 33
7 11 0 49
20 6 0 58
20 6 0 58
1 1 2 10
3 7 2 48
28 15 2 30
12 12 0 40
19 2 0 -7
12 12 0 40
20 6 0 58
17 16 3 50
17 16 2 50
20 6 0 58
19 4 0 42
23 12 0 22
12 12 0 40
20 28 3 57
24 12 0 31
20 6 0 58
20 6 0 58
20 6 0 58
19 4 3 42
20 6 0 58
20 6 0 58
20 6 0 58
20 6 0 58
20 6 0 58
25 12 3 40
17 8 1 33
20 6 0 58
20 6 0 58
20 6 0 58
20 6 0 58
20 6 0 58
4 0 0 58
4 0 0 58
4 0 0 58
4 0 0 58
4 0 0 58
4 0 0 58
4 0 0 58
4 0 0 58
4 0 0 58
4 0 0 58
4 0 0 58
4 0 0 58
4 0 0 58
4 0 0 58
22 15 0 31
24 12 2 42
13 9 0 24
24 12 0 14
4 0 0 58
4 0 0 58
12 7 1 59
24 12 1 14
1 7 0 48
4 0 0 58
4 0 0 58
4 0 0 58
4 0 0 58
4 0 0 58
4 0 0 58
2 0 1 54
27 2 2 -4
24 12 2 42
11 7 3 31
3 19 2 2
4 0 0 58
10 13 3 49
25 1 2 39
12 7 0 59
10 13 3 49
4 0 0 58
4 0 0 58
4 0 0 58
4 0 0 58
4 0 0 58
4 0 0 58
4 0 0 58
26 2 1 33
4 0 0 58
11 7 3 45
17 7 3 31
4 0 0 58
10 13 1 49
4 0 0 58
17 7 2 31
12 7 2 59
4 0 0 58
4 0 0 58
4 0 0 58
4 0 0 58
4 0 0 58
4 0 0 58
4 0 0 58
10 13 1 49
4 0 0 58
24 12 1 28
5 15 1 31
4 0 0 58
12 7 1 59
9 11 2 21
4 0 0 58
4 0 0 58
4 0 0 58
4 0 0 58
4 0 0 58
4 0 0 58
4 0 0 58
4 0 0 58
4 0 0 58
4 0 0 58
26 19 3 36
25 3 2 53
28 2 2 35
4 0 0 58
5 16 0 22
25 2 0 27
15 16 2 33
27 16 1 7
3 19 3 2
8 17 1 33
8 17 0 4
9 17 0 -2
26 0 0 30
18 7 0 -35
25 1 1 39
27 15 0 31
12 7 2 59
4 0 0 58
26 1 1 35
12 7 1 59
27 15 3 31
25 2 0 27
4 0 0 58
26 2 1 33
3 19 1 2
8 17 3 33
26 2 1 33
9 10 0 0
5 15 2 31
18 7 0 22
2 0 0 54
5 16 3 22
4 0 0 58
17 7 2 31
12 7 2 59
12 7 3 59
4 0 0 58
4 0 0 58
4 0 0 58
4 0 0 58
4 0 0 58
4 0 0 58
4 0 0 58
4 0 0 58
4 0 0 58
4 0 0 58
4 0 0 58
12 7 2 59
4 0 0 58
17 7 2 31
1 11 0 30
4 0 0 58
25 0 0 48
9 16 3 20
11 7 1 45
12 7 0 59
11 7 1 45
12 7 0 59
16 13 3 40
10 13 2 49
4 0 0 58
18 7 0 22
4 0 0 58
4 0 0 58
27 16 3 22
25 3 0 53
28 2 0 35
4 0 0 58
28 16 0 22
25 2 0 27
25 15 2 40
26 3 1 16
27 15 3 16
10 17 0 33
10 10 1 21
9 18 0 -25
26 1 0 21
23 9 0 46
25 1 3 39
27 16 0 22
4 0 0 58
17 7 0 31
26 1 3 35
25 0 0 48
25 0 3 48
25 1 2 39
4 0 0 58
8 11 0 33
15 9 3 38
8 1 3 33
8 11 0 33
9 11 0 7
25 15 3 40
23 9 0 46
2 0 2 54
27 16 3 22
4 0 0 58
17 7 0 31
12 7 0 59
4 0 0 58
4 0 0 58
12 7 0 45
4 0 0 58
4 0 0 58
4 0 0 58
4 0 0 58
4 0 0 58
4 0 0 58
4 0 0 58
4 0 0 58
4 0 0 58
4 0 0 58
10 13 3 49
12 7 1 59
5 15 3 31
4 0 0 58
27 15 0 31
2 18 3 13
22 15 0 31
25 8 0 33
22 15 0 31
25 15 0 40
16 12 3 22
18 15 1 30
12 7 1 59
23 9 0 46
12 7 0 59
12 7 1 59
27 15 3 31
2 0 3 54
1 6 0 13
4 0 0 58
5 16 3 22
25 2 0 27
12 7 2 59
26 2 1 33
25 2 1 27
26 2 0 33
26 2 1 33
9 10 0 0
26 2 0 18
23 9 2 46
25 0 3 48
5 16 0 22
4 0 0 58
24 12 3 28
5 15 3 31
25 1 0 53
12 7 2 59
25 0 2 48
4 0 0 58
7 12 1 40
22 15 2 31
25 15 2 40
7 12 1 40
9 12 0 22
12 7 3 59
23 9 2 46
12 7 2 59
27 15 3 31
4 0 0 58
4 0 0 58
7 12 3 40
4 0 0 58
4 0 0 58
25 0 1 48
4 0 0 58
4 0 0 58
4 0 0 58
4 0 0 58
4 0 0 58
4 0 0 58
4 0 0 58
4 0 0 58
4 0 0 58
4 0 0 58
4 0 0 58
25 0 0 58
25 0 0 58
25 0 0 58
25 0 0 58
25 0 0 58
25 0 0 58
25 0 0 58
20 6 3 49
25 0 0 58
25 0 0 58
25 0 0 58
14 0 1 41
20 4 2 50
25 0 0 58
25 0 0 58
20 4 3 50
17 8 0 18
17 18 1 38
24 8 3 50
22 9 1 33
2 5 2 40
13 0 2 30
20 9 1 56
13 1 0 -7
24 8 2 50
14 0 3 41
25 19 3 31
25 0 0 58
20 2 0 24
25 0 0 58
25 0 0 58
20 2 1 24
22 2 1 22
25 0 0 58
8 2 0 13
22 10 1 -4
14 19 1 22
25 0 0 58
20 15 1 59
22 2 0 22
25 0 0 58
23 10 0 9
14 10 0 1
25 0 0 58
20 2 0 24
25 0 0 58
20 6 2 49
20 2 1 24
20 6 0 49
25 0 0 58
24 7 3 45
25 7 2 45
20 15 3 59
0 13 0 22
25 0 0 58
20 15 2 59
24 7 2 45
22 7 2 33
24 7 3 45
25 0 0 58
20 15 3 59
25 0 0 58
20 6 0 49
20 15 2 59
25 0 0 58
25 0 0 58
25 0 0 58
20 3 1 41
25 0 0 58
25 0 0 58
25 0 0 58
20 3 1 56
25 0 0 58
20 2 0 39
25 0 0 58
25 0 0 58
25 0 0 58
25 0 0 58
25 0 0 58
25 0 0 58
20 2 0 24
22 2 0 22
25 0 0 58
4 17 3 22
20 2 1 24
23 8 3 27
20 4 0 50
23 10 1 -4
25 0 0 58
23 10 2 -4
2 5 1 40
16 9 0 18
9 8 3 13
25 19 2 31
22 7 3 19
0 8 0 22
9 10 2 -4
17 9 3 12
20 3 1 41
20 15 3 59
20 2 1 24
25 0 0 58
25 0 0 58
20 2 1 24
25 0 0 58
12 10 1 21
1 19 2 39
22 2 0 22
25 0 0 58
25 19 0 31
22 7 1 19
0 8 2 22
25 0 0 58
25 0 0 58
20 6 1 49
25 0 0 58
25 0 0 58
25 0 0 58
1 4 0 51
22 8 3 41
25 0 0 58
25 0 0 58
25 0 0 58
25 0 0 58
25 0 0 58
25 0 0 58
25 0 0 58
25 0 0 58
20 15 1 59
20 6 3 49
25 0 0 58
4 16 0 22
20 15 0 59
20 15 0 59
20 15 1 59
9 10 3 9
25 0 0 58
20 2 0 24
20 6 2 49
20 6 3 49
24 7 1 45
25 0 0 58
22 7 1 33
25 0 0 58
20 2 0 24
22 2 0 22
25 0 0 58
4 16 3 22
20 2 1 24
22 15 3 39
20 15 3 59
20 2 1 24
25 0 0 58
12 1 3 -24
20 15 3 59
16 9 2 18
0 13 0 36
14 19 3 22
20 15 2 59
15 15 0 4
9 9 2 4
17 8 3 18
4 16 0 22
25 0 0 58
20 2 3 39
25 0 0 58
25 0 0 58
20 3 1 27
25 0 0 58
20 2 2 39
19 19 0 28
22 11 1 33
25 0 0 58
2 5 0 40
23 9 3 33
25 7 2 45
25 0 0 58
25 0 0 58
25 0 0 58
20 15 0 59
25 0 0 58
25 0 0 58
20 15 2 59
11 22 2 39
25 0 0 58
20 15 1 59
25 0 0 58
25 0 0 58
25 0 0 58
25 0 0 58
25 0 0 58
25 0 0 58
20 4 2 50
1 8 0 40
25 0 0 58
4 17 0 22
20 4 3 50
22 15 0 39
20 4 2 50
12 8 0 1
25 0 0 58
20 2 0 24
20 5 2 42
1 8 0 40
0 20 3 16
20 15 0 59
24 8 0 22
25 0 0 58
20 2 0 24
13 10 2 16
20 15 0 59
20 3 2 41
20 2 1 24
20 15 3 59
25 0 0 58
20 2 1 24
25 0 0 58
12 1 1 -24
20 15 1 59
14 10 1 16
25 0 0 58
22 2 0 22
25 0 0 58
15 10 0 -8
22 8 2 13
17 7 3 33
4 17 0 36
25 0 0 58
20 4 1 50
25 0 0 58
20 15 0 59
20 1 3 10
25 0 0 58
20 4 0 50
19 5 0 48
1 8 2 40
25 0 0 58
20 15 2 59
24 8 2 22
25 0 0 58
25 0 0 58
25 0 0 58
25 0 0 58
25 0 0 58
25 0 0 58
1 8 0 40
25 0 0 58
25 0 0 58
25 0 0 58
25 0 0 58
25 0 0 58
14 0 1 41
20 4 2 50
25 0 0 58
25 0 0 58
25 0 0 58
3 0 0 58
3 0 0 58
3 0 0 58
3 0 0 58
3 0 0 58
3 0 0 58
3 0 0 58
3 0 0 58
3 0 0 58
3 0 0 58
3 0 0 58
3 0 0 58
2 1 0 45
3 0 0 58
3 0 0 58
3 0 0 58
5 16 1 33
23 11 2 22
3 0 0 58
3 0 0 58
3 0 0 58
3 0 0 58
3 0 0 58
3 0 0 58
3 0 0 58
3 0 0 58
3 0 0 58
0 12 1 31
2 2 0 36
12 9 0 13
26 1 1 17
16 19 2 31
3 0 0 58
1 3 0 22
3 0 0 58
3 0 0 58
3 0 0 58
3 0 0 58
3 0 0 58
3 0 0 58
3 0 0 58
3 0 0 58
3 0 0 58
3 0 0 58
2 2 0 22
1 3 0 22
24 11 0 -29
2 0 3 54
3 0 0 58
21 7 2 49
3 0 0 58
3 0 0 58
3 0 0 58
3 0 0 58
3 0 0 58
3 0 0 58
3 0 0 58
3 0 0 58
3 0 0 58
3 0 0 58
2 0 2 54
21 7 2 49
22 7 2 40
3 0 0 58
3 0 0 58
3 0 0 58
3 0 0 58
3 0 0 58
3 0 0 58
3 0 0 58
3 0 0 58
3 0 0 58
3 0 0 58
3 0 0 58
16 19 3 31
3 0 0 58
3 0 0 58
2 1 1 45
0 12 0 16
3 0 0 58
4 22 1 -26
1 2 0 13
23 10 0 16
26 10 1 9
26 7 0 9
4 22 0 -41
2 2 1 22
27 14 3 19
2 1 2 45
20 11 2 31
2 0 2 54
17 16 1 22
18 16 0 22
27 9 1 7
0 12 0 16
16 19 0 16
6 8 0 33
21 12 3 45
5 16 3 33
0 1 0 -1
18 9 1 22
6 8 1 33
2 2 1 22
3 0 0 58
3 0 0 58
17 17 3 22
3 0 0 58
17 16 2 22
2 1 2 45
2 2 1 22
3 0 0 58
21 12 2 45
3 0 0 58
3 0 0 58
8 12 0 22
1 0 2 45
3 0 0 58
3 0 0 58
3 0 0 58
3 0 0 58
3 0 0 58
2 0 2 54
3 0 0 58
3 0 0 58
3 0 0 58
3 0 0 58
3 0 0 58
3 0 0 58
0 7 1 31
2 0 0 54
15 7 1 40
0 7 0 31
2 0 1 54
0 7 0 31
2 0 1 54
2 0 1 54
2 0 0 54
3 0 0 58
17 16 3 22
2 0 0 54
21 7 1 49
2 2 1 36
4 7 2 19
2 0 1 54
13 9 2 18
1 1 2 22
21 2 1 27
1 3 1 22
26 8 0 15
13 9 3 4
2 2 1 22
27 0 2 36
2 0 2 54
17 16 0 22
3 0 0 58
17 17 1 22
17 17 3 22
27 10 1 7
4 7 2 19
1 1 3 36
0 12 3 16
1 1 2 50
26 6 2 24
0 2 0 4
23 10 1 44
0 12 2 16
2 2 3 36
3 0 0 58
3 0 0 58
17 16 3 22
3 0 0 58
20 11 0 31
2 0 2 54
2 2 3 36
3 0 0 58
1 1 3 50
3 0 0 58
3 0 0 58
0 7 3 31
2 0 2 54
3 0 0 58
3 0 0 58
3 0 0 58
3 0 0 58
3 0 0 58
3 0 0 58
21 7 0 49
3 0 0 58
3 0 0 58
3 0 0 58
4 7 0 19
3 0 0 58
8 12 2 22
1 0 0 45
3 15 0 31
3 8 1 19
1 0 1 45
8 12 3 22
2 1 1 45
27 0 1 36
2 1 0 45
2 0 1 54
20 11 1 31
2 1 0 45
12 12 3 40
27 10 3 7
4 7 0 19
1 0 1 45
0 12 0 16
1 0 2 31
21 2 3 27
26 10 3 24
26 9 0 9
13 8 3 13
2 2 1 22
2 0 2 54
3 0 0 58
17 17 0 22
3 0 0 58
18 16 1 22
17 16 3 22
2 2 1 22
3 0 0 58
1 0 3 45
8 12 0 22
1 0 2 45
3 14 2 -1
22 11 0 13
1 0 3 45
8 12 1 22
2 1 3 45
3 0 0 58
3 0 0 58
20 11 1 31
3 0 0 58
2 1 3 45
3 0 0 58
2 1 3 45
3 0 0 58
1 0 3 45
3 0 0 58
3 0 0 58
3 0 0 58
3 0 0 58
3 0 0 58
3 0 0 58
3 0 0 58
3 0 0 58
3 0 0 58
3 0 0 58
3 0 0 58
3 0 0 58
3 0 0 58
3 0 0 58
3 0 0 58
3 0 0 58
